time,open,high,low,close,volume
1598925600,1976.459,1982.454,1976.459,1980.81,1343.0
1598926500,1980.81,1984.48,1980.22,1983.372,906.0
1598927400,1983.372,1986.252,1982.161,1985.544,1393.0
1598928300,1985.544,1988.161,1984.146,1987.898,1041.0
1598929200,1987.898,1988.698,1986.312,1986.884,994.0
1598930100,1986.884,1989.219,1985.466,1988.689,788.0
1598931000,1988.689,1989.672,1984.844,1985.216,818.0
1598931900,1985.216,1986.43,1983.626,1984.382,553.0
1598932800,1984.382,1987.434,1984.334,1986.626,470.0
1598933700,1986.626,1986.718,1985.135,1985.548,292.0
1598934600,1985.548,1987.966,1985.538,1986.306,547.0
1598935500,1986.306,1987.162,1986.2,1986.326,198.0
1598936400,1986.326,1987.427,1986.236,1986.881,221.0
1598937300,1986.881,1989.684,1986.84,1988.546,694.0
1598938200,1988.546,1989.902,1987.458,1989.382,668.0
1598939100,1989.382,1989.79,1988.014,1988.098,483.0
1598940000,1988.098,1988.098,1984.654,1985.912,858.0
1598940900,1985.912,1987.256,1985.126,1985.184,759.0
1598941800,1985.184,1986.752,1982.292,1986.13,1031.0
1598942700,1986.13,1988.84,1985.186,1988.45,853.0
1598943600,1988.45,1989.853,1986.925,1987.12,747.0
1598944500,1987.12,1990.164,1987.074,1987.692,846.0
1598945400,1987.692,1991.973,1987.271,1991.835,689.0
1598946300,1991.835,1992.565,1989.388,1992.196,1025.0
1598947200,1992.196,1992.196,1987.161,1988.771,848.0
1598948100,1988.771,1990.698,1988.462,1989.966,723.0
1598949000,1989.966,1990.717,1987.5,1987.814,769.0
1598949900,1987.814,1990.056,1987.712,1989.418,639.0
1598950800,1989.418,1989.46,1987.184,1988.345,656.0
1598951700,1988.345,1989.822,1986.072,1988.726,713.0
1598952600,1988.726,1989.02,1987.476,1988.396,554.0
1598953500,1988.396,1989.234,1987.653,1988.008,379.0
1598954400,1988.008,1988.05,1984.092,1987.202,618.0
1598955300,1987.202,1990.394,1986.9,1990.089,552.0
1598956200,1990.089,1990.402,1988.956,1989.314,408.0
1598957100,1989.314,1990.43,1989.184,1990.016,382.0
1598958000,1990.016,1990.156,1987.993,1988.27,471.0
1598958900,1988.27,1990.088,1988.051,1989.986,412.0
1598959800,1989.986,1990.415,1989.055,1989.268,387.0
1598960700,1989.268,1990.112,1988.914,1989.322,376.0
1598961600,1989.322,1990.765,1987.89,1989.932,618.0
1598962500,1989.932,1990.418,1986.093,1987.03,1585.0
1598963400,1987.03,1991.866,1985.526,1991.066,1668.0
1598964300,1991.066,1991.108,1988.522,1989.134,1073.0
1598965200,1989.134,1990.689,1986.408,1988.235,1835.0
1598966100,1988.235,1991.295,1988.035,1990.418,1434.0
1598967000,1990.418,1990.574,1979.29,1983.096,3591.0
1598967900,1983.096,1986.146,1980.254,1983.262,2595.0
1598968800,1983.262,1983.262,1970.158,1973.616,5069.0
1598969700,1973.616,1975.342,1969.914,1971.968,2969.0
1598970600,1971.968,1974.907,1966.321,1967.55,3119.0
1598971500,1967.55,1978.292,1964.363,1977.201,3119.0
1598972400,1977.201,1979.084,1974.676,1976.57,1919.0
1598973300,1976.57,1979.489,1974.067,1974.602,1937.0
1598974200,1974.602,1975.752,1973.826,1974.621,1411.0
1598975100,1974.621,1974.918,1971.762,1973.386,1096.0
1598976000,1973.386,1975.737,1971.092,1975.456,1141.0
1598976900,1975.456,1976.862,1974.906,1975.947,584.0
1598977800,1975.947,1975.947,1972.972,1975.808,744.0
1598978700,1975.808,1976.611,1974.446,1975.087,630.0
1598979600,1975.087,1975.087,1969.907,1970.201,1343.0
1598980500,1970.201,1973.574,1969.37,1972.624,1216.0
1598981400,1972.624,1973.467,1971.212,1971.729,828.0
1598982300,1971.729,1972.868,1969.302,1970.728,946.0
1598983200,1970.728,1971.94,1970.107,1970.564,613.0
1598984100,1970.564,1971.869,1968.922,1971.643,588.0
1598985000,1971.643,1971.7,1963.354,1964.356,1376.0
1598985900,1964.356,1968.404,1963.99,1965.766,1733.0
1598986800,1965.766,1968.319,1965.013,1965.874,793.0
1598987700,1965.874,1966.94,1965.039,1966.77,438.0
1598988600,1966.77,1969.167,1966.278,1968.927,564.0
1598989500,1968.927,1970.826,1968.778,1970.346,735.0
1598990400,1970.346,1970.528,1968.464,1969.039,283.0
1598991300,1969.039,1970.034,1969.039,1969.844,186.0
1598992200,1969.844,1969.954,1969.414,1969.614,113.0
1598993100,1969.614,1971.17,1969.5,1970.486,163.0
1598997600,1970.486,1970.61,1968.093,1970.487,627.0
1598998500,1970.487,1972.127,1969.694,1971.924,276.0
1598999400,1971.924,1972.476,1970.391,1970.391,257.0
1599000300,1970.391,1972.237,1969.236,1971.534,327.0
1599001200,1971.534,1972.382,1971.194,1971.626,248.0
1599002100,1971.626,1971.752,1969.594,1970.07,238.0
1599003000,1970.07,1972.332,1969.968,1971.53,221.0
1599003900,1971.53,1973.018,1971.094,1972.648,232.0
1599004800,1972.648,1973.334,1971.554,1971.738,475.0
1599005700,1971.738,1972.274,1970.85,1970.952,330.0
1599006600,1970.952,1971.922,1970.002,1970.436,329.0
1599007500,1970.436,1970.526,1965.494,1967.149,700.0
1599008400,1967.149,1969.15,1958.996,1963.794,2210.0
1599009300,1963.794,1965.486,1963.136,1964.825,953.0
1599010200,1964.825,1964.825,1961.997,1962.349,684.0
1599011100,1962.349,1963.383,1960.016,1963.307,816.0
1599012000,1963.307,1963.422,1961.058,1963.216,652.0
1599012900,1963.216,1967.675,1963.094,1966.85,623.0
1599013800,1966.85,1966.98,1964.8,1964.842,383.0
1599014700,1964.842,1965.508,1964.564,1965.048,256.0
1599015600,1965.048,1965.148,1963.116,1964.074,364.0
1599016500,1964.074,1964.348,1962.276,1964.223,326.0
1599017400,1964.223,1964.658,1963.22,1963.76,227.0
1599018300,1963.76,1965.34,1963.16,1964.953,249.0
1599019200,1964.953,1966.25,1964.576,1966.056,313.0
1599020100,1966.056,1966.998,1965.537,1965.537,285.0
1599021000,1965.537,1965.537,1963.316,1963.768,313.0
1599021900,1963.768,1964.192,1962.262,1963.006,302.0
1599022800,1963.006,1964.442,1962.493,1964.082,367.0
1599023700,1964.082,1965.314,1962.582,1962.697,606.0
1599024600,1962.697,1964.198,1960.942,1963.098,819.0
1599025500,1963.098,1964.947,1962.109,1964.492,419.0
1599026400,1964.492,1965.584,1963.597,1964.998,673.0
1599027300,1964.998,1966.484,1963.294,1963.75,596.0
1599028200,1963.75,1965.181,1961.566,1964.898,865.0
1599029100,1964.898,1966.815,1964.004,1965.685,772.0
1599030000,1965.685,1967.67,1962.545,1963.758,1313.0
1599030900,1963.758,1963.758,1958.514,1959.641,1307.0
1599031800,1959.641,1960.794,1956.16,1959.362,1422.0
1599032700,1959.362,1963.415,1959.362,1961.964,977.0
1599033600,1961.964,1964.85,1961.154,1963.17,939.0
1599034500,1963.17,1966.668,1962.966,1965.542,802.0
1599035400,1965.542,1967.098,1964.626,1966.71,701.0
1599036300,1966.71,1967.873,1964.908,1965.392,494.0
1599037200,1965.392,1971.972,1964.68,1970.756,1162.0
1599038100,1970.756,1971.716,1969.822,1970.799,784.0
1599039000,1970.799,1971.514,1968.523,1969.528,775.0
1599039900,1969.528,1970.768,1968.264,1970.44,543.0
1599040800,1970.44,1970.998,1968.044,1968.346,472.0
1599041700,1968.346,1969.442,1967.944,1968.149,327.0
1599042600,1968.149,1968.894,1967.583,1968.441,411.0
1599043500,1968.441,1968.716,1965.33,1965.501,478.0
1599044400,1965.501,1966.336,1961.41,1966.071,1300.0
1599045300,1966.071,1967.348,1957.638,1958.67,1838.0
1599046200,1958.67,1959.778,1957.094,1958.778,1458.0
1599047100,1958.778,1959.527,1957.094,1959.25,1265.0
1599048000,1959.25,1961.786,1953.561,1958.108,1699.0
1599048900,1958.108,1968.462,1958.108,1968.167,4252.0
1599049800,1968.167,1969.003,1962.376,1963.472,2430.0
1599050700,1963.472,1967.089,1962.546,1964.995,1318.0
1599051600,1964.995,1965.568,1959.892,1960.904,2108.0
1599052500,1960.904,1962.01,1954.37,1956.333,2233.0
1599053400,1956.333,1957.799,1948.634,1952.358,3681.0
1599054300,1952.358,1953.312,1946.804,1949.195,3455.0
1599055200,1949.195,1952.775,1944.506,1945.589,3067.0
1599056100,1945.589,1946.724,1940.158,1942.624,3090.0
1599057000,1942.624,1946.235,1938.713,1942.227,2955.0
1599057900,1942.227,1944.066,1938.62,1943.268,2271.0
1599058800,1943.268,1943.465,1939.542,1940.172,2095.0
1599059700,1940.172,1941.638,1937.524,1938.93,1700.0
1599060600,1938.93,1944.142,1938.674,1941.437,1700.0
1599061500,1941.437,1944.394,1941.396,1944.12,1517.0
1599062400,1944.12,1944.12,1939.272,1939.766,1317.0
1599063300,1939.766,1940.304,1934.54,1934.853,1650.0
1599064200,1934.853,1937.438,1932.681,1935.857,1346.0
1599065100,1935.857,1937.01,1934.522,1936.278,1064.0
1599066000,1936.278,1937.086,1934.284,1936.822,1017.0
1599066900,1936.822,1939.064,1935.562,1938.826,850.0
1599067800,1938.826,1942.167,1937.336,1941.756,1306.0
1599068700,1941.756,1942.513,1937.957,1938.578,1066.0
1599069600,1938.578,1939.436,1937.135,1939.118,803.0
1599070500,1939.118,1940.512,1938.178,1939.843,745.0
1599071400,1939.843,1941.648,1939.427,1940.368,558.0
1599072300,1940.368,1942.038,1940.125,1941.474,395.0
1599073200,1941.474,1942.557,1941.116,1942.41,360.0
1599074100,1942.41,1945.734,1942.154,1942.366,659.0
1599075000,1942.366,1942.998,1940.676,1942.998,587.0
1599075900,1942.998,1944.048,1941.62,1943.93,566.0
1599076800,1943.93,1944.064,1941.38,1942.098,255.0
1599077700,1942.098,1943.676,1942.05,1943.676,128.0
1599078600,1943.676,1944.746,1943.446,1944.02,174.0
1599079500,1944.02,1944.637,1942.692,1942.888,250.0
1599084000,1942.888,1942.888,1940.798,1941.052,205.0
1599084900,1941.052,1941.21,1939.854,1940.69,143.0
1599085800,1940.69,1942.274,1940.566,1941.172,221.0
1599086700,1941.172,1942.266,1940.658,1941.878,176.0
1599087600,1941.878,1942.214,1940.43,1940.77,180.0
1599088500,1940.77,1944.17,1940.702,1943.633,266.0
1599089400,1943.633,1943.955,1942.818,1943.955,234.0
1599090300,1943.955,1945.667,1943.194,1944.86,372.0
1599091200,1944.86,1945.258,1943.592,1944.79,436.0
1599092100,1944.79,1945.21,1944.321,1944.773,215.0
1599093000,1944.773,1946.25,1944.449,1945.448,248.0
1599093900,1945.448,1945.966,1944.566,1944.566,204.0
1599094800,1944.566,1946.01,1942.166,1942.255,734.0
1599095700,1942.255,1943.352,1941.782,1943.026,431.0
1599096600,1943.026,1945.976,1941.859,1945.724,537.0
1599097500,1945.724,1948.233,1945.39,1948.108,658.0
1599098400,1948.108,1951.178,1947.156,1950.642,608.0
1599099300,1950.642,1950.876,1948.456,1949.407,510.0
1599100200,1949.407,1949.984,1946.946,1948.306,526.0
1599101100,1948.306,1948.306,1945.698,1946.736,667.0
1599102000,1946.736,1947.265,1945.16,1946.666,404.0
1599102900,1946.666,1947.182,1945.794,1946.525,330.0
1599103800,1946.525,1946.62,1944.701,1944.964,181.0
1599104700,1944.964,1946.522,1944.924,1945.803,236.0
1599105600,1945.803,1946.656,1945.472,1945.622,207.0
1599106500,1945.622,1945.735,1944.074,1944.179,280.0
1599107400,1944.179,1944.356,1941.321,1941.321,333.0
1599108300,1941.321,1942.557,1937.646,1937.708,739.0
1599109200,1937.708,1939.52,1936.176,1938.82,664.0
1599110100,1938.82,1940.975,1938.82,1940.542,442.0
1599111000,1940.542,1940.542,1935.628,1935.734,1262.0
1599111900,1935.734,1936.728,1932.367,1932.666,1175.0
1599112800,1932.666,1936.786,1931.712,1936.431,1399.0
1599113700,1936.431,1937.389,1932.667,1933.873,1041.0
1599114600,1933.873,1934.487,1928.586,1929.581,1647.0
1599115500,1929.581,1930.927,1927.828,1929.984,1791.0
1599116400,1929.984,1932.702,1927.228,1932.574,1394.0
1599117300,1932.574,1935.832,1931.66,1935.172,1004.0
1599118200,1935.172,1938.012,1934.55,1937.727,873.0
1599119100,1937.727,1938.81,1935.626,1935.998,846.0
1599120000,1935.998,1936.873,1933.146,1933.432,853.0
1599120900,1933.432,1937.792,1933.117,1936.166,702.0
1599121800,1936.166,1936.436,1933.628,1935.725,631.0
1599122700,1935.725,1937.375,1935.624,1936.11,584.0
1599123600,1936.11,1936.9,1935.377,1936.609,576.0
1599124500,1936.609,1937.28,1934.912,1934.934,598.0
1599125400,1934.934,1935.306,1933.712,1934.368,657.0
1599126300,1934.368,1935.192,1930.18,1931.102,801.0
1599127200,1931.102,1932.938,1930.924,1932.576,553.0
1599128100,1932.576,1932.662,1929.885,1931.999,566.0
1599129000,1931.999,1933.465,1931.698,1931.698,438.0
1599129900,1931.698,1932.184,1930.596,1930.904,509.0
1599130800,1930.904,1932.454,1928.75,1929.387,873.0
1599131700,1929.387,1931.596,1927.442,1928.276,1074.0
1599132600,1928.276,1934.082,1927.766,1932.358,710.0
1599133500,1932.358,1935.218,1931.89,1934.738,761.0
1599134400,1934.738,1935.118,1931.942,1932.469,1174.0
1599135300,1932.469,1935.218,1929.534,1933.972,1403.0
1599136200,1933.972,1937.02,1930.413,1934.188,2500.0
1599137100,1934.188,1935.64,1930.454,1934.456,1406.0
1599138000,1934.456,1936.83,1932.648,1936.558,1512.0
1599138900,1936.558,1940.878,1936.556,1940.695,1762.0
1599139800,1940.695,1941.964,1937.308,1939.92,2667.0
1599140700,1939.92,1946.019,1938.975,1943.373,2411.0
1599141600,1943.373,1945.816,1939.178,1941.399,3001.0
1599142500,1941.399,1941.707,1934.467,1937.03,3147.0
1599143400,1937.03,1939.708,1934.632,1939.45,2427.0
1599144300,1939.45,1943.157,1939.089,1941.813,2583.0
1599145200,1941.813,1942.58,1934.822,1935.186,2858.0
1599146100,1935.186,1935.972,1921.905,1924.784,5466.0
1599147000,1924.784,1927.77,1923.658,1925.144,3455.0
1599147900,1925.144,1929.654,1922.792,1926.532,2574.0
1599148800,1926.532,1930.703,1924.736,1930.553,2370.0
1599149700,1930.553,1931.248,1928.484,1930.667,1601.0
1599150600,1930.667,1932.57,1930.08,1931.248,1247.0
1599151500,1931.248,1932.886,1927.486,1927.863,1731.0
1599152400,1927.863,1930.652,1926.806,1930.374,1555.0
1599153300,1930.374,1931.956,1928.642,1931.123,1377.0
1599154200,1931.123,1932.681,1928.088,1928.275,1176.0
1599155100,1928.275,1931.066,1927.53,1930.652,879.0
1599156000,1930.652,1932.08,1930.03,1930.439,782.0
1599156900,1930.439,1934.338,1929.91,1934.132,709.0
1599157800,1934.132,1938.464,1933.88,1934.766,1466.0
1599158700,1934.766,1935.256,1932.406,1933.509,1045.0
1599159600,1933.509,1936.563,1932.306,1935.512,1129.0
1599160500,1935.512,1935.896,1930.822,1930.992,1064.0
1599161400,1930.992,1932.706,1929.626,1932.356,1162.0
1599162300,1932.356,1932.888,1929.11,1929.304,1116.0
1599163200,1929.304,1932.442,1929.304,1930.726,441.0
1599164100,1930.726,1931.745,1929.993,1931.311,211.0
1599165000,1931.311,1932.011,1929.588,1929.92,233.0
1599165900,1929.92,1931.234,1929.506,1930.673,154.0
1599170400,1930.673,1933.633,1929.746,1930.056,231.0
1599171300,1930.056,1932.151,1930.003,1932.06,186.0
1599172200,1932.06,1932.842,1930.121,1930.536,268.0
1599173100,1930.536,1932.734,1930.066,1931.27,292.0
1599174000,1931.27,1932.517,1931.27,1931.515,152.0
1599174900,1931.515,1932.518,1931.158,1932.392,230.0
1599175800,1932.392,1932.448,1931.318,1931.556,150.0
1599176700,1931.556,1931.742,1925.795,1928.128,474.0
1599177600,1928.128,1933.64,1928.04,1932.92,1129.0
1599178500,1932.92,1934.802,1932.02,1932.41,781.0
1599179400,1932.41,1935.353,1931.118,1934.036,906.0
1599180300,1934.036,1937.2,1934.036,1934.919,806.0
1599181200,1934.919,1938.56,1934.86,1936.28,1305.0
1599182100,1936.28,1938.003,1934.213,1937.296,917.0
1599183000,1937.296,1940.298,1936.941,1939.591,934.0
1599183900,1939.591,1941.076,1939.147,1939.674,518.0
1599184800,1939.674,1941.556,1939.043,1941.23,947.0
1599185700,1941.23,1942.3,1939.649,1940.332,798.0
1599186600,1940.332,1940.57,1938.272,1938.476,527.0
1599187500,1938.476,1938.986,1934.552,1934.759,572.0
1599188400,1934.759,1938.618,1934.759,1937.816,730.0
1599189300,1937.816,1938.572,1936.838,1938.05,429.0
1599190200,1938.05,1939.311,1937.094,1937.446,343.0
1599191100,1937.446,1938.566,1936.517,1936.662,218.0
1599192000,1936.662,1937.92,1935.944,1937.776,215.0
1599192900,1937.776,1939.946,1937.42,1939.252,338.0
1599193800,1939.252,1939.85,1936.135,1936.668,464.0
1599194700,1936.668,1937.388,1934.956,1936.672,460.0
1599195600,1936.672,1936.944,1935.65,1936.116,314.0
1599196500,1936.116,1936.665,1934.786,1936.333,433.0
1599197400,1936.333,1936.466,1932.144,1935.334,1055.0
1599198300,1935.334,1936.27,1933.61,1934.581,638.0
1599199200,1934.581,1935.25,1930.85,1933.687,1347.0
1599200100,1933.687,1936.142,1933.058,1935.61,845.0
1599201000,1935.61,1936.62,1933.975,1934.784,1167.0
1599201900,1934.784,1935.922,1933.53,1934.694,848.0
1599202800,1934.694,1937.331,1933.246,1934.98,907.0
1599203700,1934.98,1936.234,1934.57,1935.064,749.0
1599204600,1935.064,1938.474,1935.064,1935.642,839.0
1599205500,1935.642,1937.59,1935.642,1935.808,523.0
1599206400,1935.808,1936.309,1934.848,1936.264,584.0
1599207300,1936.264,1937.162,1934.907,1935.222,493.0
1599208200,1935.222,1937.096,1933.67,1936.755,518.0
1599209100,1936.755,1940.049,1936.644,1939.922,856.0
1599210000,1939.922,1941.758,1939.552,1940.903,642.0
1599210900,1940.903,1941.24,1938.639,1938.779,636.0
1599211800,1938.779,1939.138,1936.002,1938.276,782.0
1599212700,1938.276,1940.268,1938.178,1939.226,416.0
1599213600,1939.226,1939.978,1937.902,1939.064,410.0
1599214500,1939.064,1939.147,1937.378,1938.662,357.0
1599215400,1938.662,1939.317,1938.094,1938.599,331.0
1599216300,1938.599,1939.574,1937.932,1938.574,294.0
1599217200,1938.574,1938.922,1937.401,1937.866,386.0
1599218100,1937.866,1939.751,1937.799,1938.432,321.0
1599219000,1938.432,1939.148,1937.515,1938.869,429.0
1599219900,1938.869,1940.906,1938.376,1939.892,545.0
1599220800,1939.892,1941.225,1936.845,1937.25,890.0
1599221700,1937.25,1940.628,1936.842,1940.423,1061.0
1599222600,1940.423,1949.496,1925.334,1928.784,7541.0
1599223500,1928.784,1934.051,1926.798,1927.42,3151.0
1599224400,1927.42,1927.42,1916.696,1924.248,4697.0
1599225300,1924.248,1929.226,1923.404,1926.782,2375.0
1599226200,1926.782,1931.978,1926.058,1927.8,3183.0
1599227100,1927.8,1930.004,1924.461,1926.618,2449.0
1599228000,1926.618,1928.771,1922.194,1923.266,2877.0
1599228900,1923.266,1929.821,1920.906,1925.692,3099.0
1599229800,1925.692,1927.451,1918.885,1919.869,3214.0
1599230700,1919.869,1925.88,1919.757,1924.618,2511.0
1599231600,1924.618,1925.7,1918.054,1921.225,2886.0
1599232500,1921.225,1922.342,1918.296,1921.15,2163.0
1599233400,1921.15,1925.194,1920.983,1922.249,2488.0
1599234300,1922.249,1924.008,1917.422,1920.951,2124.0
1599235200,1920.951,1922.773,1918.927,1921.196,1802.0
1599236100,1921.196,1926.113,1920.566,1926.107,1398.0
1599237000,1926.107,1929.342,1925.849,1927.076,1405.0
1599237900,1927.076,1927.42,1925.509,1927.079,941.0
1599238800,1927.079,1927.079,1924.558,1924.732,733.0
1599239700,1924.732,1927.68,1923.703,1927.27,1085.0
1599240600,1927.27,1928.764,1926.278,1928.412,603.0
1599241500,1928.412,1931.327,1926.238,1930.386,1034.0
1599242400,1930.386,1931.401,1929.992,1930.755,812.0
1599243300,1930.755,1932.26,1928.907,1931.516,862.0
1599244200,1931.516,1937.604,1930.804,1937.034,1161.0
1599245100,1937.034,1938.724,1934.416,1936.076,1546.0
1599246000,1936.076,1936.41,1933.686,1933.79,935.0
1599246900,1933.79,1936.268,1933.79,1934.97,711.0
1599247800,1934.97,1936.749,1933.462,1935.592,871.0
1599248700,1935.592,1937.437,1934.451,1935.114,1074.0
1599249600,1935.114,1935.21,1932.628,1933.628,459.0
1599250500,1933.628,1933.848,1931.736,1932.08,195.0
1599251400,1932.08,1933.19,1931.834,1932.878,135.0
1599252300,1932.878,1934.252,1932.555,1934.024,144.0
1599429600,1934.024,1934.628,1931.014,1934.175,290.0
1599430500,1934.175,1935.74,1932.941,1933.86,241.0
1599431400,1933.86,1937.656,1933.658,1937.646,322.0
1599432300,1937.646,1937.894,1936.734,1936.994,190.0
1599433200,1936.994,1937.415,1936.302,1936.345,120.0
1599434100,1936.345,1936.546,1934.711,1936.253,200.0
1599435000,1936.253,1937.003,1934.208,1934.748,306.0
1599435900,1934.748,1935.225,1934.094,1934.533,185.0
1599436800,1934.533,1935.878,1934.297,1934.334,252.0
1599437700,1934.334,1935.044,1934.293,1934.52,176.0
1599438600,1934.52,1935.913,1934.26,1935.614,192.0
1599439500,1935.614,1936.287,1933.046,1933.062,356.0
1599440400,1933.062,1934.068,1932.034,1933.643,840.0
1599441300,1933.643,1938.849,1933.558,1937.839,1158.0
1599442200,1937.839,1939.942,1937.112,1937.305,1092.0
1599443100,1937.305,1941.01,1937.248,1939.568,744.0
1599444000,1939.568,1941.477,1938.956,1940.148,721.0
1599444900,1940.148,1940.413,1938.295,1938.388,402.0
1599445800,1938.388,1939.004,1936.943,1937.191,534.0
1599446700,1937.191,1938.449,1937.15,1937.894,414.0
1599447600,1937.894,1939.003,1936.258,1936.414,437.0
1599448500,1936.414,1937.12,1935.422,1936.934,313.0
1599449400,1936.934,1937.12,1934.974,1936.142,334.0
1599450300,1936.142,1936.35,1935.622,1935.708,135.0
1599451200,1935.708,1936.382,1935.232,1935.43,238.0
1599452100,1935.43,1935.608,1933.888,1934.943,265.0
1599453000,1934.943,1936.722,1934.814,1936.722,226.0
1599453900,1936.722,1936.802,1935.036,1935.142,202.0
1599454800,1935.142,1935.976,1934.679,1934.794,204.0
1599455700,1934.794,1935.276,1934.492,1934.571,127.0
1599456600,1934.571,1934.986,1933.81,1934.927,342.0
1599457500,1934.927,1935.062,1927.872,1929.958,1455.0
1599458400,1929.958,1931.378,1928.858,1929.01,874.0
1599459300,1929.01,1931.588,1928.524,1929.99,946.0
1599460200,1929.99,1931.983,1929.491,1931.942,611.0
1599461100,1931.942,1932.178,1930.49,1930.596,600.0
1599462000,1930.596,1930.752,1928.422,1929.156,546.0
1599462900,1929.156,1930.945,1929.0,1929.794,577.0
1599463800,1929.794,1932.596,1928.928,1932.446,623.0
1599464700,1932.446,1934.132,1931.05,1931.436,571.0
1599465600,1931.436,1934.292,1930.42,1933.033,506.0
1599466500,1933.033,1933.033,1931.381,1932.424,356.0
1599467400,1932.424,1933.309,1931.202,1931.31,401.0
1599468300,1931.31,1931.86,1930.653,1931.326,243.0
1599469200,1931.326,1931.326,1929.462,1929.462,219.0
1599470100,1929.462,1930.962,1928.788,1928.925,251.0
1599471000,1928.925,1929.122,1926.828,1928.425,540.0
1599471900,1928.425,1928.822,1928.172,1928.776,140.0
1599472800,1928.776,1929.907,1928.025,1928.025,303.0
1599473700,1928.025,1928.153,1924.636,1926.504,633.0
1599474600,1926.504,1926.872,1925.074,1926.412,431.0
1599475500,1926.412,1927.496,1926.412,1927.11,277.0
1599476400,1927.11,1929.618,1926.838,1929.405,320.0
1599477300,1929.405,1929.444,1928.404,1928.783,172.0
1599478200,1928.783,1930.688,1928.509,1930.606,288.0
1599479100,1930.606,1931.248,1928.318,1928.512,341.0
1599480000,1928.512,1929.599,1927.452,1929.168,537.0
1599480900,1929.168,1930.672,1929.14,1930.517,298.0
1599481800,1930.517,1930.946,1930.088,1930.45,302.0
1599482700,1930.45,1930.582,1929.383,1929.416,250.0
1599483600,1929.416,1932.789,1927.892,1930.942,960.0
1599484500,1930.942,1931.798,1928.852,1929.332,600.0
1599485400,1929.332,1931.111,1928.968,1930.189,627.0
1599486300,1930.189,1932.082,1929.296,1929.296,594.0
1599487200,1929.296,1929.802,1924.636,1927.995,1217.0
1599488100,1927.995,1929.184,1927.466,1928.958,334.0
1599489000,1928.958,1930.403,1927.931,1929.45,468.0
1599489900,1929.45,1930.95,1928.571,1929.305,825.0
1599490800,1929.305,1930.22,1927.518,1929.503,682.0
1599491700,1929.503,1929.889,1928.708,1929.37,333.0
1599492600,1929.37,1930.761,1929.316,1930.034,236.0
1599493500,1930.034,1931.463,1929.944,1930.911,207.0
1599494400,1930.911,1930.911,1928.962,1929.28,198.0
1599495300,1929.28,1929.378,1928.268,1928.619,288.0
1599496200,1928.619,1929.606,1928.152,1928.759,298.0
1599497100,1928.759,1931.08,1928.242,1928.448,338.0
1599516000,1928.448,1931.294,1928.448,1930.722,172.0
1599516900,1930.722,1931.765,1930.266,1930.634,113.0
1599517800,1930.634,1930.845,1929.082,1929.501,190.0
1599518700,1929.501,1931.066,1928.75,1930.774,195.0
1599519600,1930.774,1931.475,1929.84,1930.276,230.0
1599520500,1930.276,1931.996,1929.38,1931.218,198.0
1599521400,1931.218,1931.336,1930.692,1930.824,85.0
1599522300,1930.824,1931.14,1930.563,1930.786,65.0
1599523200,1930.786,1932.318,1930.275,1931.001,290.0
1599524100,1931.001,1931.001,1928.881,1929.32,315.0
1599525000,1929.32,1929.364,1925.64,1926.774,545.0
1599525900,1926.774,1928.731,1926.774,1928.648,359.0
1599526800,1928.648,1929.794,1926.882,1927.883,903.0
1599527700,1927.883,1928.248,1926.593,1927.234,314.0
1599528600,1927.234,1927.491,1925.086,1925.399,461.0
1599529500,1925.399,1927.556,1924.917,1926.012,497.0
1599530400,1926.012,1927.182,1925.92,1926.175,309.0
1599531300,1926.175,1927.306,1926.175,1926.48,164.0
1599532200,1926.48,1926.54,1925.054,1926.456,338.0
1599533100,1926.456,1926.768,1926.364,1926.434,147.0
1599534000,1926.434,1926.572,1924.82,1925.733,285.0
1599534900,1925.733,1925.803,1922.87,1923.562,431.0
1599535800,1923.562,1924.582,1922.878,1924.266,304.0
1599536700,1924.266,1924.314,1923.5,1923.92,118.0
1599537600,1923.92,1924.817,1923.598,1924.636,257.0
1599538500,1924.636,1925.77,1924.636,1925.728,179.0
1599539400,1925.728,1926.606,1925.262,1925.564,238.0
1599540300,1925.564,1926.196,1925.106,1926.196,122.0
1599541200,1926.196,1927.046,1925.32,1926.034,230.0
1599542100,1926.034,1927.304,1925.885,1926.87,272.0
1599543000,1926.87,1928.712,1926.293,1927.186,459.0
1599543900,1927.186,1931.662,1927.186,1931.662,624.0
1599544800,1931.662,1935.582,1931.51,1932.549,1546.0
1599545700,1932.549,1933.569,1930.664,1931.113,831.0
1599546600,1931.113,1932.082,1930.327,1930.97,621.0
1599547500,1930.97,1932.884,1930.698,1931.742,633.0
1599548400,1931.742,1933.436,1929.774,1931.144,768.0
1599549300,1931.144,1932.568,1929.556,1932.09,691.0
1599550200,1932.09,1932.603,1931.026,1932.394,449.0
1599551100,1932.394,1932.687,1931.052,1931.479,431.0
1599552000,1931.479,1932.426,1929.792,1929.914,353.0
1599552900,1929.914,1929.996,1927.184,1928.778,750.0
1599553800,1928.778,1929.223,1926.888,1927.282,525.0
1599554700,1927.282,1927.921,1923.374,1923.623,793.0
1599555600,1923.623,1925.492,1922.728,1925.393,588.0
1599556500,1925.393,1925.57,1924.668,1924.878,384.0
1599557400,1924.878,1924.913,1917.228,1919.227,1305.0
1599558300,1919.227,1921.396,1917.67,1919.954,1126.0
1599559200,1919.954,1919.954,1911.17,1911.942,1699.0
1599560100,1911.942,1918.488,1911.806,1914.479,1125.0
1599561000,1914.479,1917.469,1911.82,1916.934,985.0
1599561900,1916.934,1921.862,1915.621,1916.343,1499.0
1599562800,1916.343,1918.34,1914.383,1917.26,1229.0
1599563700,1917.26,1919.345,1915.796,1918.897,754.0
1599564600,1918.897,1919.292,1912.088,1912.826,1330.0
1599565500,1912.826,1919.176,1907.962,1915.932,2023.0
1599566400,1915.932,1919.498,1914.974,1916.24,1745.0
1599567300,1916.24,1920.766,1913.97,1918.547,1947.0
1599568200,1918.547,1920.306,1913.712,1915.388,2006.0
1599569100,1915.388,1915.729,1911.656,1914.302,1542.0
1599570000,1914.302,1916.466,1911.231,1912.054,2626.0
1599570900,1912.054,1916.046,1909.634,1911.479,2360.0
1599571800,1911.479,1915.675,1907.945,1909.474,3519.0
1599572700,1909.474,1914.821,1906.628,1913.112,3986.0
1599573600,1913.112,1918.795,1910.11,1918.096,3169.0
1599574500,1918.096,1923.209,1917.362,1923.209,2358.0
1599575400,1923.209,1926.661,1917.379,1920.262,3057.0
1599576300,1920.262,1922.26,1917.484,1921.343,2545.0
1599577200,1921.343,1927.682,1919.664,1926.546,2509.0
1599578100,1926.546,1929.003,1924.059,1928.572,1950.0
1599579000,1928.572,1929.236,1926.18,1928.638,1564.0
1599579900,1928.638,1928.783,1925.618,1927.714,1284.0
1599580800,1927.714,1934.9,1926.834,1933.758,1720.0
1599581700,1933.758,1937.738,1933.483,1934.432,1788.0
1599582600,1934.432,1936.368,1933.982,1936.0,1032.0
1599583500,1936.0,1939.216,1935.707,1938.996,885.0
1599584400,1938.996,1939.951,1935.642,1938.039,984.0
1599585300,1938.039,1939.129,1935.436,1935.634,813.0
1599586200,1935.634,1939.214,1935.589,1937.942,947.0
1599587100,1937.942,1940.856,1937.926,1939.884,811.0
1599588000,1939.884,1940.286,1937.12,1937.12,639.0
1599588900,1937.12,1938.081,1935.303,1936.716,750.0
1599589800,1936.716,1937.442,1932.658,1932.848,696.0
1599590700,1932.848,1934.33,1930.334,1931.86,1130.0
1599591600,1931.86,1932.361,1928.09,1931.694,1398.0
1599592500,1931.694,1933.813,1930.592,1932.202,971.0
1599593400,1932.202,1933.786,1931.856,1933.396,618.0
1599594300,1933.396,1934.158,1930.844,1930.943,833.0
1599595200,1930.943,1932.357,1928.35,1928.728,1041.0
1599596100,1928.728,1932.102,1927.897,1932.102,600.0
1599597000,1932.102,1932.972,1931.69,1932.156,234.0
1599597900,1932.156,1932.259,1930.482,1931.694,176.0
1599602400,1931.694,1932.91,1930.346,1930.402,329.0
1599603300,1930.402,1931.397,1930.279,1930.753,81.0
1599604200,1930.753,1930.879,1930.095,1930.518,67.0
1599605100,1930.518,1931.08,1930.368,1931.08,71.0
1599606000,1931.08,1931.253,1930.621,1931.124,98.0
1599606900,1931.124,1931.768,1931.116,1931.483,104.0
1599607800,1931.483,1931.774,1931.409,1931.409,104.0
1599608700,1931.409,1931.498,1929.876,1930.289,189.0
1599609600,1930.289,1930.738,1928.245,1929.86,437.0
1599610500,1929.86,1930.702,1929.584,1929.675,315.0
1599611400,1929.675,1930.485,1928.74,1928.816,300.0
1599612300,1928.816,1929.713,1928.397,1928.888,275.0
1599613200,1928.888,1929.388,1923.16,1925.469,1105.0
1599614100,1925.469,1926.43,1923.254,1926.201,577.0
1599615000,1926.201,1928.422,1925.508,1927.849,551.0
1599615900,1927.849,1928.687,1926.56,1928.266,420.0
1599616800,1928.266,1928.532,1926.942,1928.192,391.0
1599617700,1928.192,1928.662,1928.192,1928.544,179.0
1599618600,1928.544,1928.587,1924.36,1926.098,574.0
1599619500,1926.098,1926.675,1925.622,1925.65,257.0
1599620400,1925.65,1926.87,1925.56,1926.824,286.0
1599621300,1926.824,1927.872,1926.746,1927.436,310.0
1599622200,1927.436,1929.25,1927.032,1928.829,190.0
1599623100,1928.829,1930.15,1928.538,1930.096,139.0
1599624000,1930.096,1930.142,1929.494,1929.894,119.0
1599624900,1929.894,1930.364,1929.52,1929.574,116.0
1599625800,1929.574,1930.306,1929.232,1929.644,200.0
1599626700,1929.644,1929.644,1929.124,1929.357,96.0
1599627600,1929.357,1930.272,1929.22,1930.008,156.0
1599628500,1930.008,1932.762,1930.008,1931.854,315.0
1599629400,1931.854,1934.417,1930.784,1931.128,770.0
1599630300,1931.128,1931.353,1927.952,1928.025,498.0
1599631200,1928.025,1928.936,1925.26,1925.92,826.0
1599632100,1925.92,1927.395,1923.91,1927.395,847.0
1599633000,1927.395,1928.938,1925.43,1926.336,827.0
1599633900,1926.336,1928.056,1925.952,1927.145,826.0
1599634800,1927.145,1928.827,1926.256,1928.827,648.0
1599635700,1928.827,1929.521,1927.327,1927.544,614.0
1599636600,1927.544,1933.469,1927.544,1933.469,708.0
1599637500,1933.469,1933.898,1931.25,1931.986,609.0
1599638400,1931.986,1934.362,1931.719,1931.856,882.0
1599639300,1931.856,1932.108,1928.078,1928.813,721.0
1599640200,1928.813,1929.56,1927.052,1928.48,537.0
1599641100,1928.48,1932.78,1928.076,1931.827,670.0
1599642000,1931.827,1932.227,1930.297,1931.548,549.0
1599642900,1931.548,1932.176,1929.442,1929.642,434.0
1599643800,1929.642,1929.782,1927.304,1928.582,516.0
1599644700,1928.582,1929.532,1928.262,1929.168,338.0
1599645600,1929.168,1929.168,1925.731,1926.322,489.0
1599646500,1926.322,1927.213,1925.2,1925.556,394.0
1599647400,1925.556,1926.01,1923.994,1924.292,483.0
1599648300,1924.292,1925.316,1921.29,1922.62,511.0
1599649200,1922.62,1923.526,1920.544,1920.914,790.0
1599650100,1920.914,1925.081,1920.169,1924.676,636.0
1599651000,1924.676,1924.819,1922.098,1923.329,638.0
1599651900,1923.329,1926.022,1922.704,1925.878,573.0
1599652800,1925.878,1928.489,1924.836,1926.644,732.0
1599653700,1926.644,1931.132,1926.304,1930.96,848.0
1599654600,1930.96,1936.807,1930.556,1934.496,1184.0
1599655500,1934.496,1937.94,1933.174,1935.996,1958.0
1599656400,1935.996,1940.224,1934.832,1939.71,2121.0
1599657300,1939.71,1944.61,1939.44,1943.188,2181.0
1599658200,1943.188,1945.874,1939.963,1944.69,2525.0
1599659100,1944.69,1948.516,1941.701,1947.534,2410.0
1599660000,1947.534,1949.021,1943.174,1946.126,2803.0
1599660900,1946.126,1947.36,1940.949,1945.564,1948.0
1599661800,1945.564,1948.447,1943.894,1946.612,1426.0
1599662700,1946.612,1948.69,1944.978,1945.587,1396.0
1599663600,1945.587,1947.536,1943.888,1945.798,1228.0
1599664500,1945.798,1946.264,1943.947,1945.766,937.0
1599665400,1945.766,1946.628,1943.092,1943.159,701.0
1599666300,1943.159,1944.25,1942.76,1943.522,702.0
1599667200,1943.522,1945.285,1943.16,1944.536,530.0
1599668100,1944.536,1945.561,1944.254,1945.517,392.0
1599669000,1945.517,1948.779,1945.322,1948.192,518.0
1599669900,1948.192,1948.906,1947.672,1948.245,389.0
1599670800,1948.245,1949.19,1946.958,1948.155,493.0
1599671700,1948.155,1948.631,1945.678,1947.142,520.0
1599672600,1947.142,1947.162,1945.742,1945.991,474.0
1599673500,1945.991,1947.417,1945.901,1946.062,313.0
1599674400,1946.062,1946.736,1945.386,1946.164,353.0
1599675300,1946.164,1947.229,1944.67,1947.174,299.0
1599676200,1947.174,1947.358,1946.232,1947.247,205.0
1599677100,1947.247,1949.942,1947.247,1949.758,401.0
1599678000,1949.758,1950.128,1948.258,1949.141,546.0
1599678900,1949.141,1950.852,1949.141,1950.426,581.0
1599679800,1950.426,1950.692,1948.749,1949.106,372.0
1599680700,1949.106,1949.437,1947.89,1948.513,389.0
1599681600,1948.513,1949.047,1947.518,1948.002,194.0
1599682500,1948.002,1948.19,1947.12,1947.576,128.0
1599683400,1947.576,1948.236,1947.004,1948.05,151.0
1599684300,1948.05,1948.522,1946.234,1946.534,216.0
1599688800,1946.534,1947.904,1945.424,1946.286,271.0
1599689700,1946.286,1946.76,1944.254,1945.246,162.0
1599690600,1945.246,1946.918,1945.236,1945.858,122.0
1599691500,1945.858,1947.088,1944.988,1946.51,153.0
1599692400,1946.51,1948.36,1946.51,1947.684,131.0
1599693300,1947.684,1947.957,1947.149,1947.332,79.0
1599694200,1947.332,1950.202,1947.256,1949.182,193.0
1599695100,1949.182,1949.182,1947.28,1947.457,162.0
1599696000,1947.457,1947.907,1946.188,1946.814,324.0
1599696900,1946.814,1947.781,1946.227,1947.072,218.0
1599697800,1947.072,1947.072,1945.704,1946.008,327.0
1599698700,1946.008,1947.21,1945.566,1946.87,304.0
1599699600,1946.87,1949.694,1945.894,1949.198,905.0
1599700500,1949.198,1950.744,1948.793,1949.904,682.0
1599701400,1949.904,1950.353,1945.553,1946.486,671.0
1599702300,1946.486,1946.868,1944.839,1945.858,710.0
1599703200,1945.858,1946.178,1943.716,1944.699,399.0
1599704100,1944.699,1945.756,1944.024,1945.432,256.0
1599705000,1945.432,1946.881,1945.178,1946.56,213.0
1599705900,1946.56,1947.63,1946.482,1946.878,237.0
1599706800,1946.878,1946.966,1945.54,1945.866,243.0
1599707700,1945.866,1946.626,1945.106,1946.288,171.0
1599708600,1946.288,1946.781,1945.694,1946.544,123.0
1599709500,1946.544,1947.22,1946.316,1946.734,143.0
1599710400,1946.734,1947.416,1944.91,1944.91,160.0
1599711300,1944.91,1945.655,1944.768,1945.589,103.0
1599712200,1945.589,1946.342,1945.296,1946.208,156.0
1599713100,1946.208,1946.798,1945.548,1946.716,121.0
1599714000,1946.716,1947.12,1946.242,1946.662,145.0
1599714900,1946.662,1948.391,1946.662,1947.88,216.0
1599715800,1947.88,1948.892,1946.806,1947.991,433.0
1599716700,1947.991,1948.255,1946.416,1947.778,471.0
1599717600,1947.778,1948.64,1946.532,1948.168,546.0
1599718500,1948.168,1949.405,1943.738,1945.112,953.0
1599719400,1945.112,1945.112,1942.919,1943.317,826.0
1599720300,1943.317,1944.971,1942.92,1944.052,552.0
1599721200,1944.052,1944.533,1942.406,1944.153,710.0
1599722100,1944.153,1946.24,1943.854,1945.802,451.0
1599723000,1945.802,1947.056,1943.944,1944.009,627.0
1599723900,1944.009,1946.066,1943.011,1944.32,544.0
1599724800,1944.32,1945.058,1943.091,1943.222,621.0
1599725700,1943.222,1946.402,1942.932,1946.402,469.0
1599726600,1946.402,1947.92,1945.774,1947.606,389.0
1599727500,1947.606,1948.158,1946.186,1946.339,536.0
1599728400,1946.339,1947.791,1944.981,1947.01,534.0
1599729300,1947.01,1947.192,1945.533,1945.798,398.0
1599730200,1945.798,1947.386,1944.8,1946.584,461.0
1599731100,1946.584,1950.004,1946.388,1949.204,467.0
1599732000,1949.204,1950.803,1948.879,1949.139,517.0
1599732900,1949.139,1949.428,1948.716,1949.389,251.0
1599733800,1949.389,1949.675,1948.738,1949.244,282.0
1599734700,1949.244,1951.036,1948.848,1950.226,472.0
1599735600,1950.226,1952.72,1948.882,1949.636,701.0
1599736500,1949.636,1950.176,1949.046,1949.962,328.0
1599737400,1949.962,1949.962,1946.272,1946.544,493.0
1599738300,1946.544,1948.306,1946.041,1947.45,834.0
1599739200,1947.45,1948.498,1945.156,1947.938,753.0
1599740100,1947.938,1953.911,1947.891,1953.503,838.0
1599741000,1953.503,1958.414,1950.934,1955.587,3218.0
1599741900,1955.587,1958.05,1952.463,1956.254,2335.0
1599742800,1956.254,1961.499,1956.014,1959.067,2323.0
1599743700,1959.067,1963.92,1959.067,1962.274,1629.0
1599744600,1962.274,1962.428,1957.702,1961.444,2465.0
1599745500,1961.444,1964.728,1960.158,1962.688,2262.0
1599746400,1962.688,1966.57,1962.04,1962.378,2016.0
1599747300,1962.378,1964.518,1958.549,1959.839,1538.0
1599748200,1959.839,1962.64,1959.336,1960.09,1575.0
1599749100,1960.09,1961.236,1953.386,1955.282,3006.0
1599750000,1955.282,1959.373,1953.954,1957.958,2173.0
1599750900,1957.958,1959.582,1955.956,1959.526,1545.0
1599751800,1959.526,1961.588,1958.156,1961.104,1039.0
1599752700,1961.104,1961.79,1958.999,1959.211,897.0
1599753600,1959.211,1960.565,1957.998,1957.998,1236.0
1599754500,1957.998,1959.171,1956.052,1956.538,1058.0
1599755400,1956.538,1958.053,1953.043,1953.093,1210.0
1599756300,1953.093,1954.263,1951.127,1954.063,1260.0
1599757200,1954.063,1956.038,1953.501,1955.607,863.0
1599758100,1955.607,1957.143,1954.89,1955.74,654.0
1599759000,1955.74,1957.909,1955.713,1956.366,782.0
1599759900,1956.366,1956.859,1954.875,1956.339,771.0
1599760800,1956.339,1956.804,1953.508,1953.592,775.0
1599761700,1953.592,1954.024,1947.448,1947.58,1808.0
1599762600,1947.58,1950.738,1947.226,1949.134,1468.0
1599763500,1949.134,1952.128,1949.05,1950.433,1276.0
1599764400,1950.433,1951.137,1944.795,1947.304,1619.0
1599765300,1947.304,1948.519,1941.964,1943.276,1801.0
1599766200,1943.276,1944.68,1941.811,1943.364,1126.0
1599767100,1943.364,1944.408,1941.478,1942.652,948.0
1599768000,1942.652,1943.388,1941.806,1942.962,492.0
1599768900,1942.962,1944.482,1942.564,1944.482,296.0
1599769800,1944.482,1945.904,1944.2,1945.6,268.0
1599770700,1945.6,1946.4,1945.248,1946.27,163.0
1599775200,1946.27,1947.052,1944.126,1947.01,232.0
1599776100,1947.01,1947.082,1946.112,1946.364,132.0
1599777000,1946.364,1946.57,1945.276,1945.722,153.0
1599777900,1945.722,1946.228,1945.564,1945.618,95.0
1599778800,1945.618,1946.208,1945.06,1945.462,192.0
1599779700,1945.462,1945.54,1943.845,1944.037,180.0
1599780600,1944.037,1945.466,1943.825,1945.033,183.0
1599781500,1945.033,1945.667,1943.804,1943.884,251.0
1599782400,1943.884,1944.548,1943.042,1943.826,282.0
1599783300,1943.826,1949.242,1943.652,1947.638,683.0
1599784200,1947.638,1948.002,1946.25,1947.502,475.0
1599785100,1947.502,1948.971,1947.178,1948.916,451.0
1599786000,1948.916,1949.313,1947.074,1947.966,805.0
1599786900,1947.966,1948.139,1946.105,1946.744,633.0
1599787800,1946.744,1946.744,1944.356,1944.885,758.0
1599788700,1944.885,1946.259,1944.514,1945.854,491.0
1599789600,1945.854,1947.334,1945.157,1947.166,292.0
1599790500,1947.166,1947.354,1945.503,1945.503,212.0
1599791400,1945.503,1945.941,1944.135,1944.243,313.0
1599792300,1944.243,1944.696,1938.664,1940.557,1085.0
1599793200,1940.557,1941.27,1937.242,1939.648,948.0
1599794100,1939.648,1941.019,1939.271,1940.166,605.0
1599795000,1940.166,1940.5,1938.832,1939.948,475.0
1599795900,1939.948,1941.13,1939.864,1940.55,360.0
1599796800,1940.55,1941.676,1939.767,1940.068,369.0
1599797700,1940.068,1940.368,1939.273,1939.808,211.0
1599798600,1939.808,1940.298,1938.578,1940.298,315.0
1599799500,1940.298,1940.762,1939.971,1940.106,142.0
1599800400,1940.106,1940.24,1938.452,1938.512,197.0
1599801300,1938.512,1939.115,1937.758,1938.736,386.0
1599802200,1938.736,1942.236,1938.274,1941.747,605.0
1599803100,1941.747,1943.208,1941.22,1942.234,482.0
1599804000,1942.234,1943.324,1940.156,1942.934,812.0
1599804900,1942.934,1944.708,1942.563,1943.356,684.0
1599805800,1943.356,1943.932,1941.868,1942.968,596.0
1599806700,1942.968,1944.796,1942.522,1944.796,588.0
1599807600,1944.796,1945.108,1942.583,1943.073,591.0
1599808500,1943.073,1943.073,1940.361,1942.468,757.0
1599809400,1942.468,1942.954,1940.976,1942.645,452.0
1599810300,1942.645,1943.561,1940.706,1941.362,420.0
1599811200,1941.362,1944.388,1941.169,1943.519,624.0
1599812100,1943.519,1944.154,1941.744,1941.744,390.0
1599813000,1941.744,1944.642,1941.399,1944.014,564.0
1599813900,1944.014,1946.344,1943.928,1945.31,617.0
1599814800,1945.31,1946.144,1945.05,1945.305,475.0
1599815700,1945.305,1945.672,1944.092,1944.675,348.0
1599816600,1944.675,1946.472,1944.179,1945.554,425.0
1599817500,1945.554,1947.179,1945.234,1946.745,344.0
1599818400,1946.745,1946.871,1944.35,1944.904,389.0
1599819300,1944.904,1946.198,1944.344,1945.727,318.0
1599820200,1945.727,1946.472,1944.639,1946.02,344.0
1599821100,1946.02,1946.798,1944.302,1946.638,378.0
1599822000,1946.638,1948.238,1946.381,1947.439,487.0
1599822900,1947.439,1948.2,1946.264,1946.736,326.0
1599823800,1946.736,1947.125,1944.162,1944.374,503.0
1599824700,1944.374,1945.216,1944.284,1944.708,280.0
1599825600,1944.708,1946.256,1943.392,1945.678,624.0
1599826500,1945.678,1946.79,1942.702,1942.702,804.0
1599827400,1942.702,1946.628,1941.666,1945.784,1860.0
1599828300,1945.784,1946.706,1945.233,1945.885,578.0
1599829200,1945.885,1950.698,1943.118,1950.579,1390.0
1599830100,1950.579,1951.058,1948.802,1950.086,764.0
1599831000,1950.086,1953.792,1946.627,1953.416,2279.0
1599831900,1953.416,1954.773,1951.034,1951.532,1582.0
1599832800,1951.532,1951.714,1946.799,1950.47,2072.0
1599833700,1950.47,1952.675,1948.91,1951.409,1534.0
1599834600,1951.409,1951.459,1946.864,1948.797,1444.0
1599835500,1948.797,1950.242,1947.998,1949.098,1144.0
1599836400,1949.098,1950.226,1947.328,1948.866,1107.0
1599837300,1948.866,1950.266,1947.912,1949.49,837.0
1599838200,1949.49,1950.056,1948.654,1948.992,608.0
1599839100,1948.992,1950.262,1948.84,1950.012,488.0
1599840000,1950.012,1950.101,1948.774,1949.596,420.0
1599840900,1949.596,1949.776,1948.528,1948.938,379.0
1599841800,1948.938,1948.938,1943.328,1943.572,469.0
1599842700,1943.572,1944.859,1942.423,1942.75,956.0
1599843600,1942.75,1944.067,1938.7,1938.949,1199.0
1599844500,1938.949,1941.553,1938.206,1940.604,1024.0
1599845400,1940.604,1941.768,1939.324,1940.972,815.0
1599846300,1940.972,1941.924,1939.484,1939.814,621.0
1599847200,1939.814,1942.201,1939.636,1941.912,666.0
1599848100,1941.912,1942.088,1940.822,1941.11,568.0
1599849000,1941.11,1943.28,1941.11,1942.234,517.0
1599849900,1942.234,1942.916,1940.968,1941.054,601.0
1599850800,1941.054,1941.108,1939.926,1940.336,569.0
1599851700,1940.336,1943.054,1940.222,1942.085,606.0
1599852600,1942.085,1942.956,1940.617,1941.086,488.0
1599853500,1941.086,1942.906,1940.832,1942.414,426.0
1599854400,1942.414,1942.862,1941.952,1942.224,136.0
1599855300,1942.224,1942.228,1941.983,1942.072,38.0
1599856200,1942.072,1942.283,1941.41,1941.724,100.0
1599857100,1941.724,1941.732,1939.872,1940.456,125.0
1600034400,1940.456,1941.978,1937.25,1940.341,498.0
1600035300,1940.341,1940.792,1939.644,1939.866,239.0
1600036200,1939.866,1941.064,1939.738,1941.064,209.0
1600037100,1941.064,1942.682,1941.012,1941.591,245.0
1600038000,1941.591,1942.33,1941.345,1941.732,226.0
1600038900,1941.732,1942.373,1941.732,1942.09,86.0
1600039800,1942.09,1942.813,1941.896,1942.53,123.0
1600040700,1942.53,1943.306,1942.446,1942.982,136.0
1600041600,1942.982,1943.432,1942.632,1943.166,192.0
1600042500,1943.166,1943.262,1940.738,1940.824,274.0
1600043400,1940.824,1941.68,1940.54,1941.54,142.0
1600044300,1941.54,1941.746,1940.028,1940.274,171.0
1600045200,1940.274,1945.152,1940.274,1943.959,1091.0
1600046100,1943.959,1945.36,1943.658,1944.485,460.0
1600047000,1944.485,1948.222,1944.485,1947.508,772.0
1600047900,1947.508,1948.644,1947.352,1948.644,513.0
1600048800,1948.644,1949.964,1947.954,1949.538,546.0
1600049700,1949.538,1950.356,1949.232,1949.385,291.0
1600050600,1949.385,1950.782,1949.296,1950.034,381.0
1600051500,1950.034,1950.274,1949.126,1950.09,220.0
1600052400,1950.09,1951.44,1949.958,1950.914,270.0
1600053300,1950.914,1951.743,1950.484,1950.615,178.0
1600054200,1950.615,1950.615,1949.87,1950.168,113.0
1600055100,1950.168,1950.238,1948.712,1949.161,186.0
1600056000,1949.161,1949.394,1947.974,1949.078,229.0
1600056900,1949.078,1949.158,1947.788,1948.284,137.0
1600057800,1948.284,1948.458,1947.934,1948.176,128.0
1600058700,1948.176,1948.176,1945.64,1946.562,195.0
1600059600,1946.562,1946.974,1945.702,1946.353,244.0
1600060500,1946.353,1947.215,1945.05,1946.684,292.0
1600061400,1946.684,1947.942,1945.838,1947.899,408.0
1600062300,1947.899,1948.042,1946.71,1947.663,264.0
1600063200,1947.663,1949.244,1947.094,1947.476,388.0
1600064100,1947.476,1947.522,1943.421,1944.632,568.0
1600065000,1944.632,1946.158,1944.216,1945.334,425.0
1600065900,1945.334,1945.677,1944.445,1944.748,468.0
1600066800,1944.748,1947.742,1944.748,1947.021,463.0
1600067700,1947.021,1947.434,1945.873,1947.074,367.0
1600068600,1947.074,1947.482,1945.52,1945.74,300.0
1600069500,1945.74,1946.478,1945.182,1945.586,264.0
1600070400,1945.586,1947.304,1944.928,1946.055,316.0
1600071300,1946.055,1946.586,1944.69,1945.714,240.0
1600072200,1945.714,1947.056,1945.627,1946.478,250.0
1600073100,1946.478,1946.478,1945.286,1945.954,215.0
1600074000,1945.954,1946.932,1945.954,1946.166,246.0
1600074900,1946.166,1946.586,1943.719,1943.752,318.0
1600075800,1943.752,1943.893,1941.462,1941.891,576.0
1600076700,1941.891,1942.383,1940.832,1941.778,375.0
1600077600,1941.778,1942.896,1941.148,1942.452,328.0
1600078500,1942.452,1943.946,1942.446,1943.458,280.0
1600079400,1943.458,1943.606,1942.062,1943.606,260.0
1600080300,1943.606,1945.406,1943.526,1944.698,223.0
1600081200,1944.698,1945.11,1940.298,1940.428,458.0
1600082100,1940.428,1943.902,1940.026,1943.9,511.0
1600083000,1943.9,1944.178,1942.42,1942.864,427.0
1600083900,1942.864,1944.649,1942.864,1944.198,343.0
1600084800,1944.198,1949.098,1944.13,1947.819,890.0
1600085700,1947.819,1949.936,1947.256,1949.174,846.0
1600086600,1949.174,1952.696,1948.523,1952.405,1128.0
1600087500,1952.405,1956.347,1952.068,1956.18,1255.0
1600088400,1956.18,1958.146,1955.99,1956.68,1548.0
1600089300,1956.68,1958.16,1953.778,1954.474,1151.0
1600090200,1954.474,1957.363,1954.474,1956.744,1463.0
1600091100,1956.744,1959.51,1956.41,1958.404,1333.0
1600092000,1958.404,1959.982,1957.23,1959.85,1414.0
1600092900,1959.85,1960.146,1958.498,1958.894,868.0
1600093800,1958.894,1959.234,1956.588,1958.714,1168.0
1600094700,1958.714,1959.421,1956.954,1958.508,791.0
1600095600,1958.508,1960.168,1958.379,1959.388,903.0
1600096500,1959.388,1961.647,1959.31,1961.517,591.0
1600097400,1961.517,1962.535,1960.016,1961.066,629.0
1600098300,1961.066,1961.152,1958.359,1958.702,560.0
1600099200,1958.702,1959.172,1957.076,1957.213,381.0
1600100100,1957.213,1958.025,1957.032,1957.926,286.0
1600101000,1957.926,1957.926,1955.942,1956.022,383.0
1600101900,1956.022,1956.837,1955.114,1956.406,356.0
1600102800,1956.406,1956.579,1954.836,1955.868,347.0
1600103700,1955.868,1955.868,1953.241,1954.812,477.0
1600104600,1954.812,1955.501,1953.69,1955.192,551.0
1600105500,1955.192,1955.432,1954.67,1955.32,193.0
1600106400,1955.32,1955.924,1954.429,1955.658,257.0
1600107300,1955.658,1956.933,1955.538,1956.144,218.0
1600108200,1956.144,1956.951,1955.833,1956.426,230.0
1600109100,1956.426,1957.041,1955.926,1956.859,307.0
1600110000,1956.859,1958.104,1956.813,1957.826,390.0
1600110900,1957.826,1958.538,1957.805,1957.948,325.0
1600111800,1957.948,1959.143,1957.798,1958.962,265.0
1600112700,1958.962,1959.22,1957.774,1957.774,397.0
1600113600,1957.774,1958.709,1957.722,1958.116,155.0
1600114500,1958.116,1958.784,1958.082,1958.082,92.0
1600115400,1958.082,1958.699,1957.842,1958.546,93.0
1600116300,1958.546,1958.73,1956.236,1956.442,164.0
1600120800,1956.442,1957.962,1956.442,1957.504,116.0
1600121700,1957.504,1957.759,1956.509,1956.694,114.0
1600122600,1956.694,1957.052,1956.672,1956.77,49.0
1600123500,1956.77,1957.406,1956.72,1957.266,77.0
1600124400,1957.266,1957.266,1956.764,1956.958,52.0
1600125300,1956.958,1957.128,1956.612,1957.125,47.0
1600126200,1957.125,1957.33,1957.125,1957.204,18.0
1600127100,1957.204,1957.788,1956.903,1957.422,67.0
1600128000,1957.422,1958.126,1957.085,1957.694,161.0
1600128900,1957.694,1957.87,1955.372,1955.446,189.0
1600129800,1955.446,1955.949,1955.31,1955.569,112.0
1600130700,1955.569,1956.804,1955.252,1956.305,192.0
1600131600,1956.305,1957.871,1955.43,1957.428,554.0
1600132500,1957.428,1958.046,1956.008,1956.266,446.0
1600133400,1956.266,1958.885,1956.266,1958.834,369.0
1600134300,1958.834,1962.608,1958.794,1961.223,587.0
1600135200,1961.223,1965.918,1961.045,1963.794,729.0
1600136100,1963.794,1964.864,1963.216,1964.036,495.0
1600137000,1964.036,1964.993,1962.544,1962.756,416.0
1600137900,1962.756,1963.199,1961.912,1963.159,289.0
1600138800,1963.159,1964.482,1963.159,1964.139,257.0
1600139700,1964.139,1965.854,1963.906,1965.606,367.0
1600140600,1965.606,1967.11,1964.465,1965.268,392.0
1600141500,1965.268,1965.748,1964.464,1964.51,185.0
1600142400,1964.51,1965.37,1963.754,1965.272,185.0
1600143300,1965.272,1966.195,1965.041,1965.482,184.0
1600144200,1965.482,1965.613,1964.954,1965.558,102.0
1600145100,1965.558,1965.971,1965.019,1965.876,125.0
1600146000,1965.876,1967.874,1965.876,1966.654,255.0
1600146900,1966.654,1967.676,1966.638,1967.3,131.0
1600147800,1967.3,1969.192,1967.3,1967.962,485.0
1600148700,1967.962,1968.09,1966.835,1967.597,222.0
1600149600,1967.597,1967.808,1964.97,1965.86,484.0
1600150500,1965.86,1967.542,1965.325,1965.804,455.0
1600151400,1965.804,1965.81,1963.123,1964.117,585.0
1600152300,1964.117,1964.117,1961.814,1963.183,542.0
1600153200,1963.183,1964.912,1962.646,1963.322,582.0
1600154100,1963.322,1965.731,1962.626,1964.758,454.0
1600155000,1964.758,1964.925,1960.825,1961.065,683.0
1600155900,1961.065,1962.251,1960.303,1962.096,486.0
1600156800,1962.096,1963.815,1961.87,1962.961,498.0
1600157700,1962.961,1964.05,1962.128,1963.79,286.0
1600158600,1963.79,1963.835,1962.254,1962.55,357.0
1600159500,1962.55,1963.86,1962.195,1963.708,301.0
1600160400,1963.708,1965.326,1963.466,1965.242,456.0
1600161300,1965.242,1966.181,1965.074,1965.856,297.0
1600162200,1965.856,1965.856,1963.664,1963.834,401.0
1600163100,1963.834,1965.321,1962.78,1964.384,422.0
1600164000,1964.384,1966.441,1964.338,1966.441,498.0
1600164900,1966.441,1966.706,1965.36,1966.661,474.0
1600165800,1966.661,1967.824,1966.098,1967.183,328.0
1600166700,1967.183,1971.99,1966.916,1970.795,612.0
1600167600,1970.795,1972.221,1968.418,1968.48,658.0
1600168500,1968.48,1970.148,1967.084,1967.584,537.0
1600169400,1967.584,1969.536,1967.534,1968.464,370.0
1600170300,1968.464,1969.596,1967.862,1968.213,351.0
1600171200,1968.213,1970.521,1967.933,1970.403,465.0
1600172100,1970.403,1970.573,1967.096,1967.672,865.0
1600173000,1967.672,1969.089,1966.662,1967.138,1019.0
1600173900,1967.138,1968.434,1964.985,1967.432,1071.0
1600174800,1967.432,1969.558,1966.594,1968.594,787.0
1600175700,1968.594,1969.594,1963.921,1964.33,1373.0
1600176600,1964.33,1966.7,1961.848,1965.82,1616.0
1600177500,1965.82,1966.244,1953.478,1956.232,3100.0
1600178400,1956.232,1956.232,1949.877,1951.955,2586.0
1600179300,1951.955,1953.302,1950.341,1952.256,1215.0
1600180200,1952.256,1954.314,1948.793,1948.922,1539.0
1600181100,1948.922,1952.912,1948.468,1952.912,1215.0
1600182000,1952.912,1953.61,1950.773,1953.204,1079.0
1600182900,1953.204,1954.036,1950.858,1951.926,878.0
1600183800,1951.926,1953.534,1950.716,1952.498,656.0
1600184700,1952.498,1952.978,1951.066,1951.802,591.0
1600185600,1951.802,1953.901,1951.678,1953.901,508.0
1600186500,1953.901,1955.338,1953.702,1954.77,386.0
1600187400,1954.77,1957.22,1954.76,1956.969,443.0
1600188300,1956.969,1958.286,1956.408,1958.09,494.0
1600189200,1958.09,1958.846,1956.825,1957.78,558.0
1600190100,1957.78,1958.916,1956.704,1957.584,483.0
1600191000,1957.584,1957.584,1955.296,1955.843,568.0
1600191900,1955.843,1956.212,1954.152,1954.582,541.0
1600192800,1954.582,1954.848,1953.212,1953.8,430.0
1600193700,1953.8,1955.103,1953.656,1954.92,297.0
1600194600,1954.92,1955.85,1954.064,1955.754,207.0
1600195500,1955.754,1956.419,1955.462,1956.419,209.0
1600196400,1956.419,1956.492,1954.652,1954.95,404.0
1600197300,1954.95,1955.229,1953.454,1954.204,391.0
1600198200,1954.204,1954.204,1951.562,1951.81,302.0
1600199100,1951.81,1953.724,1951.806,1953.629,294.0
1600200000,1953.629,1954.34,1953.158,1953.47,147.0
1600200900,1953.47,1954.275,1953.016,1954.25,177.0
1600201800,1954.25,1954.927,1954.072,1954.412,148.0
1600202700,1954.412,1954.748,1953.29,1954.198,270.0
1600207200,1954.198,1954.991,1953.578,1954.974,197.0
1600208100,1954.974,1955.907,1954.543,1955.63,175.0
1600209000,1955.63,1955.966,1955.197,1955.254,93.0
1600209900,1955.254,1955.254,1954.784,1954.941,59.0
1600210800,1954.941,1955.25,1954.494,1954.772,68.0
1600211700,1954.772,1954.813,1954.448,1954.813,55.0
1600212600,1954.813,1954.86,1953.202,1953.652,122.0
1600213500,1953.652,1953.993,1952.826,1953.894,178.0
1600214400,1953.894,1954.754,1951.581,1951.742,218.0
1600215300,1951.742,1953.062,1951.73,1952.741,231.0
1600216200,1952.741,1953.983,1952.648,1953.721,198.0
1600217100,1953.721,1953.721,1952.55,1952.845,218.0
1600218000,1952.845,1953.604,1949.914,1951.512,651.0
1600218900,1951.512,1953.54,1950.79,1953.397,394.0
1600219800,1953.397,1956.284,1953.397,1955.409,563.0
1600220700,1955.409,1956.563,1955.0,1956.256,374.0
1600221600,1956.256,1957.47,1956.19,1957.15,334.0
1600222500,1957.15,1958.43,1956.458,1958.306,220.0
1600223400,1958.306,1959.891,1957.835,1959.162,446.0
1600224300,1959.162,1959.162,1957.562,1958.175,232.0
1600225200,1958.175,1959.316,1957.71,1958.404,230.0
1600226100,1958.404,1959.338,1957.794,1958.582,274.0
1600227000,1958.582,1959.886,1958.582,1959.084,266.0
1600227900,1959.084,1960.174,1958.706,1959.422,215.0
1600228800,1959.422,1960.694,1959.331,1960.486,202.0
1600229700,1960.486,1961.354,1960.336,1960.56,130.0
1600230600,1960.56,1961.575,1959.476,1959.476,189.0
1600231500,1959.476,1960.233,1959.46,1959.748,125.0
1600232400,1959.748,1962.326,1959.703,1961.543,334.0
1600233300,1961.543,1962.02,1961.232,1961.278,132.0
1600234200,1961.278,1963.132,1960.4,1960.496,309.0
1600235100,1960.496,1960.496,1958.962,1959.669,362.0
1600236000,1959.669,1960.546,1957.63,1958.014,510.0
1600236900,1958.014,1958.728,1957.204,1957.978,509.0
1600237800,1957.978,1960.353,1957.768,1959.508,418.0
1600238700,1959.508,1961.574,1959.508,1961.528,465.0
1600239600,1961.528,1964.082,1960.882,1964.082,587.0
1600240500,1964.082,1965.076,1962.869,1963.899,568.0
1600241400,1963.899,1966.218,1963.529,1964.509,513.0
1600242300,1964.509,1965.38,1963.845,1964.526,347.0
1600243200,1964.526,1967.161,1963.719,1967.108,471.0
1600244100,1967.108,1968.816,1966.786,1967.658,606.0
1600245000,1967.658,1967.805,1966.104,1966.316,265.0
1600245900,1966.316,1967.365,1965.242,1965.45,260.0
1600246800,1965.45,1965.946,1965.182,1965.229,207.0
1600247700,1965.229,1966.377,1964.442,1966.377,349.0
1600248600,1966.377,1966.539,1964.104,1964.112,403.0
1600249500,1964.112,1965.039,1963.808,1964.672,278.0
1600250400,1964.672,1966.534,1964.462,1966.348,313.0
1600251300,1966.348,1967.44,1966.082,1966.236,322.0
1600252200,1966.236,1966.794,1963.762,1964.467,395.0
1600253100,1964.467,1966.302,1964.441,1965.896,381.0
1600254000,1965.896,1966.132,1963.393,1964.47,417.0
1600254900,1964.47,1965.58,1963.648,1964.515,402.0
1600255800,1964.515,1964.869,1961.75,1963.223,514.0
1600256700,1963.223,1964.292,1962.732,1963.334,359.0
1600257600,1963.334,1967.288,1963.144,1965.642,650.0
1600258500,1965.642,1969.426,1965.642,1969.242,742.0
1600259400,1969.242,1970.665,1965.746,1968.154,1404.0
1600260300,1968.154,1968.276,1965.139,1967.659,1004.0
1600261200,1967.659,1973.33,1965.996,1970.77,1538.0
1600262100,1970.77,1973.782,1969.375,1969.98,1325.0
1600263000,1969.98,1970.162,1965.042,1965.042,1698.0
1600263900,1965.042,1966.33,1962.71,1963.846,1635.0
1600264800,1963.846,1966.404,1961.724,1966.352,1523.0
1600265700,1966.352,1966.484,1956.62,1958.191,1925.0
1600266600,1958.191,1962.066,1957.689,1961.676,1435.0
1600267500,1961.676,1965.282,1961.44,1964.77,1025.0
1600268400,1964.77,1967.634,1963.951,1966.748,989.0
1600269300,1966.748,1969.558,1966.748,1969.342,859.0
1600270200,1969.342,1970.056,1967.665,1967.71,702.0
1600271100,1967.71,1968.547,1965.99,1967.001,493.0
1600272000,1967.001,1967.465,1965.77,1965.931,441.0
1600272900,1965.931,1967.084,1965.468,1966.598,321.0
1600273800,1966.598,1967.272,1966.398,1966.793,304.0
1600274700,1966.793,1966.852,1963.684,1965.352,542.0
1600275600,1965.352,1965.778,1963.892,1964.685,398.0
1600276500,1964.685,1964.854,1961.612,1962.281,755.0
1600277400,1962.281,1962.676,1960.44,1960.517,941.0
1600278300,1960.517,1964.364,1960.222,1962.975,528.0
1600279200,1962.975,1969.826,1955.2,1963.03,5497.0
1600280100,1963.03,1967.176,1962.44,1965.266,2145.0
1600281000,1965.266,1970.159,1960.522,1963.064,3368.0
1600281900,1963.064,1963.365,1952.889,1958.285,4196.0
1600282800,1958.285,1961.178,1954.528,1956.15,2549.0
1600283700,1956.15,1959.185,1954.678,1957.03,1974.0
1600284600,1957.03,1958.118,1953.739,1957.76,1596.0
1600285500,1957.76,1959.148,1956.986,1958.572,1043.0
1600286400,1958.572,1958.975,1957.6,1958.32,365.0
1600287300,1958.32,1958.834,1958.054,1958.148,146.0
1600288200,1958.148,1959.288,1957.842,1959.154,224.0
1600289100,1959.154,1959.93,1958.842,1959.59,171.0
1600293600,1959.59,1960.134,1959.211,1959.606,153.0
1600294500,1959.606,1960.043,1959.177,1959.241,116.0
1600295400,1959.241,1959.241,1958.566,1958.583,95.0
1600296300,1958.583,1959.515,1958.583,1959.306,90.0
1600297200,1959.306,1959.767,1958.52,1959.704,127.0
1600298100,1959.704,1959.748,1958.866,1959.0,71.0
1600299000,1959.0,1960.759,1958.465,1960.525,185.0
1600299900,1960.525,1960.987,1959.638,1959.991,166.0
1600300800,1959.991,1960.17,1957.382,1958.189,355.0
1600301700,1958.189,1958.358,1955.142,1955.538,758.0
1600302600,1955.538,1956.386,1954.389,1956.042,695.0
1600303500,1956.042,1957.38,1955.965,1957.286,388.0
1600304400,1957.286,1958.208,1954.904,1957.119,1097.0
1600305300,1957.119,1958.244,1956.988,1957.742,469.0
1600306200,1957.742,1959.664,1954.904,1955.228,676.0
1600307100,1955.228,1955.228,1946.743,1946.87,1834.0
1600308000,1946.87,1948.123,1942.748,1946.57,1940.0
1600308900,1946.57,1948.867,1946.034,1947.181,937.0
1600309800,1947.181,1948.478,1946.256,1947.641,681.0
1600310700,1947.641,1947.786,1943.986,1946.897,724.0
1600311600,1946.897,1946.897,1941.369,1941.77,1111.0
1600312500,1941.77,1941.776,1937.838,1940.024,1513.0
1600313400,1940.024,1941.041,1939.354,1940.445,688.0
1600314300,1940.445,1940.84,1939.932,1939.969,307.0
1600315200,1939.969,1940.527,1938.02,1938.376,406.0
1600316100,1938.376,1940.275,1938.082,1940.072,271.0
1600317000,1940.072,1940.208,1938.958,1939.35,173.0
1600317900,1939.35,1941.788,1939.35,1940.662,285.0
1600318800,1940.662,1944.214,1939.535,1943.904,608.0
1600319700,1943.904,1945.69,1943.818,1945.164,438.0
1600320600,1945.164,1946.013,1942.864,1945.825,790.0
1600321500,1945.825,1947.024,1944.176,1944.224,654.0
1600322400,1944.224,1945.191,1943.094,1943.183,945.0
1600323300,1943.183,1944.272,1940.856,1943.256,1158.0
1600324200,1943.256,1945.598,1942.379,1944.908,1133.0
1600325100,1944.908,1947.524,1944.77,1944.953,734.0
1600326000,1944.953,1946.732,1944.187,1944.398,628.0
1600326900,1944.398,1945.194,1943.79,1943.872,724.0
1600327800,1943.872,1945.194,1943.82,1944.046,567.0
1600328700,1944.046,1944.963,1943.48,1944.714,437.0
1600329600,1944.714,1945.124,1941.756,1942.138,509.0
1600330500,1942.138,1944.456,1941.729,1944.35,455.0
1600331400,1944.35,1945.089,1944.021,1945.089,352.0
1600332300,1945.089,1945.891,1944.123,1944.948,382.0
1600333200,1944.948,1945.414,1942.85,1943.738,514.0
1600334100,1943.738,1943.908,1937.959,1938.342,730.0
1600335000,1938.342,1940.333,1936.998,1939.96,765.0
1600335900,1939.96,1941.589,1939.67,1941.412,386.0
1600336800,1941.412,1942.367,1940.458,1940.706,291.0
1600337700,1940.706,1941.496,1940.168,1941.194,292.0
1600338600,1941.194,1942.215,1940.92,1942.03,299.0
1600339500,1942.03,1943.526,1940.876,1941.646,447.0
1600340400,1941.646,1943.556,1940.286,1943.343,728.0
1600341300,1943.343,1945.827,1943.178,1944.826,545.0
1600342200,1944.826,1947.321,1944.826,1946.253,607.0
1600343100,1946.253,1948.89,1946.128,1948.083,507.0
1600344000,1948.083,1948.136,1941.658,1943.548,1065.0
1600344900,1943.548,1944.786,1941.115,1943.484,912.0
1600345800,1943.484,1946.508,1941.81,1945.307,1086.0
1600346700,1945.307,1946.401,1941.927,1943.207,1093.0
1600347600,1943.207,1944.641,1933.16,1935.53,2907.0
1600348500,1935.53,1939.14,1934.386,1937.294,1596.0
1600349400,1937.294,1939.453,1932.886,1935.366,2574.0
1600350300,1935.366,1942.018,1935.366,1940.382,1891.0
1600351200,1940.382,1944.566,1937.887,1941.672,2086.0
1600352100,1941.672,1945.407,1939.692,1942.355,2215.0
1600353000,1942.355,1946.504,1941.556,1945.574,2189.0
1600353900,1945.574,1946.598,1942.656,1944.278,1880.0
1600354800,1944.278,1948.518,1942.924,1948.518,1442.0
1600355700,1948.518,1949.572,1946.479,1947.062,1332.0
1600356600,1947.062,1947.926,1944.123,1944.67,1268.0
1600357500,1944.67,1945.525,1943.87,1943.87,588.0
1600358400,1943.87,1946.568,1942.37,1942.742,796.0
1600359300,1942.742,1944.917,1942.314,1944.829,858.0
1600360200,1944.829,1945.859,1944.097,1944.465,623.0
1600361100,1944.465,1945.046,1943.018,1944.92,688.0
1600362000,1944.92,1945.634,1944.017,1944.446,591.0
1600362900,1944.446,1944.644,1942.844,1944.045,482.0
1600363800,1944.045,1944.6,1943.16,1944.382,437.0
1600364700,1944.382,1945.168,1944.018,1944.277,355.0
1600365600,1944.277,1946.504,1944.277,1946.31,336.0
1600366500,1946.31,1946.764,1945.722,1945.764,275.0
1600367400,1945.764,1945.813,1943.412,1944.732,387.0
1600368300,1944.732,1944.91,1943.45,1944.69,333.0
1600369200,1944.69,1944.888,1943.276,1944.844,345.0
1600370100,1944.844,1945.316,1943.884,1944.274,325.0
1600371000,1944.274,1946.868,1944.234,1946.248,379.0
1600371900,1946.248,1948.612,1945.619,1948.289,505.0
1600372800,1948.289,1949.084,1947.161,1947.258,258.0
1600373700,1947.258,1947.39,1945.803,1945.976,171.0
1600374600,1945.976,1947.244,1945.307,1945.398,152.0
1600375500,1945.398,1945.745,1943.986,1944.276,192.0
1600380000,1944.276,1945.459,1944.147,1944.938,164.0
1600380900,1944.938,1946.126,1944.938,1946.024,116.0
1600381800,1946.024,1946.136,1944.805,1945.631,190.0
1600382700,1945.631,1945.977,1945.631,1945.977,41.0
1600383600,1945.977,1946.685,1945.934,1946.59,62.0
1600384500,1946.59,1946.814,1946.25,1946.664,62.0
1600385400,1946.664,1946.848,1945.842,1946.01,49.0
1600386300,1946.01,1948.304,1946.01,1947.043,282.0
1600387200,1947.043,1951.892,1946.756,1951.728,684.0
1600388100,1951.728,1951.728,1949.982,1950.52,404.0
1600389000,1950.52,1951.433,1949.931,1950.17,280.0
1600389900,1950.17,1951.217,1949.046,1951.09,349.0
1600390800,1951.09,1955.643,1950.83,1953.861,1061.0
1600391700,1953.861,1954.368,1950.589,1950.901,682.0
1600392600,1950.901,1952.544,1949.656,1952.252,680.0
1600393500,1952.252,1954.084,1952.046,1952.618,475.0
1600394400,1952.618,1953.206,1950.891,1951.601,422.0
1600395300,1951.601,1951.982,1951.002,1951.982,238.0
1600396200,1951.982,1952.356,1950.88,1952.268,360.0
1600397100,1952.268,1952.518,1950.97,1952.028,265.0
1600398000,1952.028,1953.869,1951.776,1953.158,333.0
1600398900,1953.158,1953.754,1952.114,1952.279,230.0
1600399800,1952.279,1952.508,1951.464,1951.892,167.0
1600400700,1951.892,1952.533,1951.646,1952.07,126.0
1600401600,1952.07,1952.112,1951.113,1952.019,156.0
1600402500,1952.019,1952.159,1951.114,1951.852,147.0
1600403400,1951.852,1952.995,1951.852,1952.176,167.0
1600404300,1952.176,1952.264,1951.439,1952.012,101.0
1600405200,1952.012,1953.293,1951.774,1952.31,206.0
1600406100,1952.31,1952.634,1951.64,1952.588,147.0
1600407000,1952.588,1954.482,1952.284,1953.886,620.0
1600407900,1953.886,1954.411,1951.915,1954.411,438.0
1600408800,1954.411,1955.071,1953.388,1953.866,385.0
1600409700,1953.866,1954.258,1951.0,1951.937,491.0
1600410600,1951.937,1955.074,1950.819,1953.582,598.0
1600411500,1953.582,1954.726,1953.563,1954.204,428.0
1600412400,1954.204,1955.198,1953.462,1953.594,627.0
1600413300,1953.594,1954.531,1952.001,1952.83,472.0
1600414200,1952.83,1953.138,1952.378,1953.03,336.0
1600415100,1953.03,1954.122,1952.128,1953.889,322.0
1600416000,1953.889,1954.716,1953.579,1954.008,325.0
1600416900,1954.008,1954.924,1953.448,1954.262,306.0
1600417800,1954.262,1955.324,1953.582,1955.116,267.0
1600418700,1955.116,1956.167,1954.32,1955.498,334.0
1600419600,1955.498,1955.546,1954.224,1955.155,360.0
1600420500,1955.155,1956.092,1954.595,1954.604,339.0
1600421400,1954.604,1955.505,1954.106,1955.45,309.0
1600422300,1955.45,1955.45,1953.8,1954.533,278.0
1600423200,1954.533,1955.111,1953.891,1953.911,236.0
1600424100,1953.911,1954.34,1953.397,1954.172,198.0
1600425000,1954.172,1954.748,1953.064,1953.514,199.0
1600425900,1953.514,1953.602,1951.313,1951.775,291.0
1600426800,1951.775,1953.793,1951.446,1952.604,324.0
1600427700,1952.604,1953.629,1951.93,1952.576,331.0
1600428600,1952.576,1953.939,1951.31,1951.482,300.0
1600429500,1951.482,1951.772,1948.894,1950.912,538.0
1600430400,1950.912,1952.496,1949.24,1949.74,562.0
1600431300,1949.74,1950.501,1946.958,1947.971,826.0
1600432200,1947.971,1951.242,1947.134,1950.789,878.0
1600433100,1950.789,1952.024,1949.541,1951.504,505.0
1600434000,1951.504,1952.864,1949.174,1949.32,1096.0
1600434900,1949.32,1951.072,1948.324,1949.28,927.0
1600435800,1949.28,1951.088,1946.9,1947.424,1826.0
1600436700,1947.424,1947.818,1945.248,1946.736,1171.0
1600437600,1946.736,1951.552,1946.082,1950.15,1474.0
1600438500,1950.15,1954.184,1949.8,1953.646,1191.0
1600439400,1953.646,1955.018,1952.173,1954.935,1078.0
1600440300,1954.935,1955.259,1952.812,1954.43,887.0
1600441200,1954.43,1955.137,1953.036,1954.652,825.0
1600442100,1954.652,1955.608,1953.514,1954.022,711.0
1600443000,1954.022,1954.681,1951.326,1951.436,604.0
1600443900,1951.436,1953.423,1951.392,1952.924,525.0
1600444800,1952.924,1955.023,1952.924,1954.142,426.0
1600445700,1954.142,1959.864,1952.972,1959.124,944.0
1600446600,1959.124,1959.846,1957.466,1957.683,809.0
1600447500,1957.683,1958.968,1957.23,1958.795,717.0
1600448400,1958.795,1960.134,1958.699,1958.919,569.0
1600449300,1958.919,1958.919,1953.706,1954.946,817.0
1600450200,1954.946,1954.99,1952.029,1953.544,994.0
1600451100,1953.544,1954.994,1953.083,1954.594,698.0
1600452000,1954.594,1954.781,1953.052,1953.578,528.0
1600452900,1953.578,1954.839,1953.172,1953.968,461.0
1600453800,1953.968,1954.106,1952.26,1952.483,310.0
1600454700,1952.483,1952.798,1950.464,1951.56,512.0
1600455600,1951.56,1952.032,1951.067,1951.784,353.0
1600456500,1951.784,1952.038,1950.507,1951.172,295.0
1600457400,1951.172,1951.788,1950.511,1950.514,252.0
1600458300,1950.514,1950.994,1949.79,1950.824,285.0
1600459200,1950.824,1951.21,1950.457,1951.21,93.0
1600460100,1951.21,1951.622,1951.08,1951.226,65.0
1600461000,1951.226,1951.494,1950.392,1951.151,97.0
1600461900,1951.151,1951.279,1949.086,1950.506,199.0
1600639200,1950.506,1951.854,1946.79,1946.892,759.0
1600640100,1946.892,1948.566,1946.723,1948.322,214.0
1600641000,1948.322,1949.714,1947.758,1949.262,185.0
1600641900,1949.262,1950.672,1949.252,1950.324,209.0
1600642800,1950.324,1950.576,1949.096,1950.556,232.0
1600643700,1950.556,1951.096,1950.078,1951.04,216.0
1600644600,1951.04,1951.198,1949.516,1949.542,172.0
1600645500,1949.542,1949.848,1948.116,1948.556,154.0
1600646400,1948.556,1949.62,1947.146,1949.51,390.0
1600647300,1949.51,1950.633,1949.51,1950.394,339.0
1600648200,1950.394,1950.562,1949.173,1949.88,302.0
1600649100,1949.88,1951.658,1949.832,1951.028,207.0
1600650000,1951.028,1954.026,1950.479,1953.434,850.0
1600650900,1953.434,1955.624,1952.732,1953.206,678.0
1600651800,1953.206,1953.671,1950.989,1952.55,489.0
1600652700,1952.55,1953.678,1951.0,1951.317,522.0
1600653600,1951.317,1953.212,1951.317,1952.576,370.0
1600654500,1952.576,1953.61,1952.399,1953.549,242.0
1600655400,1953.549,1954.474,1952.896,1953.432,293.0
1600656300,1953.432,1953.806,1952.374,1952.594,230.0
1600657200,1952.594,1953.446,1951.698,1953.446,281.0
1600658100,1953.446,1954.438,1953.096,1953.99,356.0
1600659000,1953.99,1954.8,1953.15,1953.448,202.0
1600659900,1953.448,1953.63,1952.736,1953.196,130.0
1600660800,1953.196,1954.852,1953.148,1954.334,149.0
1600661700,1954.334,1954.546,1953.585,1953.638,104.0
1600662600,1953.638,1954.214,1953.231,1953.845,110.0
1600663500,1953.845,1953.903,1953.122,1953.388,127.0
1600664400,1953.388,1953.838,1952.492,1952.536,178.0
1600665300,1952.536,1953.094,1951.921,1953.052,176.0
1600666200,1953.052,1953.052,1950.667,1951.276,464.0
1600667100,1951.276,1952.752,1951.276,1952.212,401.0
1600668000,1952.212,1952.462,1949.284,1950.168,593.0
1600668900,1950.168,1951.47,1949.983,1951.368,541.0
1600669800,1951.368,1952.13,1949.802,1951.926,573.0
1600670700,1951.926,1952.027,1949.501,1950.912,491.0
1600671600,1950.912,1954.722,1950.912,1954.317,757.0
1600672500,1954.317,1954.654,1952.23,1952.962,643.0
1600673400,1952.962,1953.008,1950.681,1951.5,549.0
1600674300,1951.5,1951.788,1947.871,1948.224,647.0
1600675200,1948.224,1948.644,1945.147,1946.888,796.0
1600676100,1946.888,1947.531,1942.891,1943.87,814.0
1600677000,1943.87,1943.87,1937.554,1937.786,1225.0
1600677900,1937.786,1939.272,1935.019,1939.191,1086.0
1600678800,1939.191,1939.191,1936.746,1938.488,686.0
1600679700,1938.488,1938.692,1934.776,1935.066,728.0
1600680600,1935.066,1935.071,1930.028,1930.825,1143.0
1600681500,1930.825,1931.838,1928.222,1931.73,699.0
1600682400,1931.73,1931.884,1929.456,1931.345,683.0
1600683300,1931.345,1932.158,1928.534,1932.12,738.0
1600684200,1932.12,1934.231,1930.714,1931.788,825.0
1600685100,1931.788,1932.575,1930.81,1931.725,488.0
1600686000,1931.725,1932.549,1931.059,1931.72,342.0
1600686900,1931.72,1931.764,1929.141,1931.672,407.0
1600687800,1931.672,1932.231,1930.104,1931.817,545.0
1600688700,1931.817,1933.137,1931.052,1933.096,514.0
1600689600,1933.096,1934.623,1928.889,1929.729,1219.0
1600690500,1929.729,1931.45,1923.49,1923.792,1977.0
1600691400,1923.792,1923.952,1919.966,1920.116,1637.0
1600692300,1920.116,1923.399,1919.523,1921.978,1347.0
1600693200,1921.978,1923.936,1917.634,1921.119,2283.0
1600694100,1921.119,1921.778,1911.828,1915.89,2211.0
1600695000,1915.89,1920.268,1911.834,1913.29,4135.0
1600695900,1913.29,1916.979,1911.778,1912.346,3066.0
1600696800,1912.346,1915.116,1909.534,1910.7,3092.0
1600697700,1910.7,1911.122,1890.749,1892.344,5494.0
1600698600,1892.344,1895.49,1882.428,1894.501,7522.0
1600699500,1894.501,1898.154,1892.56,1896.705,4081.0
1600700400,1896.705,1905.274,1896.588,1897.012,3151.0
1600701300,1897.012,1897.361,1886.396,1892.812,4499.0
1600702200,1892.812,1895.986,1889.285,1895.084,3109.0
1600703100,1895.084,1901.032,1894.215,1899.838,2704.0
1600704000,1899.838,1905.036,1898.966,1903.274,2303.0
1600704900,1903.274,1906.666,1901.722,1903.372,1988.0
1600705800,1903.372,1905.03,1901.072,1904.224,2310.0
1600706700,1904.224,1904.783,1901.594,1902.826,1764.0
1600707600,1902.826,1905.12,1901.542,1904.945,1409.0
1600708500,1904.945,1907.502,1904.309,1907.008,1716.0
1600709400,1907.008,1909.218,1906.929,1908.634,948.0
1600710300,1908.634,1909.593,1908.002,1909.388,697.0
1600711200,1909.388,1909.69,1906.056,1906.52,768.0
1600712100,1906.52,1908.328,1904.447,1907.932,767.0
1600713000,1907.932,1907.974,1905.386,1907.506,647.0
1600713900,1907.506,1910.228,1906.86,1908.519,1041.0
1600714800,1908.519,1911.587,1908.278,1910.752,1244.0
1600715700,1910.752,1911.772,1909.149,1910.81,1125.0
1600716600,1910.81,1911.544,1909.052,1910.754,724.0
1600717500,1910.754,1912.096,1909.194,1911.275,1000.0
1600718400,1911.275,1913.256,1910.565,1912.939,352.0
1600719300,1912.939,1913.556,1912.134,1912.246,297.0
1600720200,1912.246,1913.33,1912.056,1912.946,217.0
1600721100,1912.946,1913.126,1911.672,1912.674,236.0
1600725600,1912.674,1915.156,1910.586,1912.212,455.0
1600726500,1912.212,1913.904,1912.212,1912.894,123.0
1600727400,1912.894,1913.386,1912.4,1912.737,175.0
1600728300,1912.737,1913.843,1912.463,1913.247,266.0
1600729200,1913.247,1914.636,1913.064,1914.338,149.0
1600730100,1914.338,1917.124,1914.312,1915.16,331.0
1600731000,1915.16,1917.932,1914.742,1917.344,468.0
1600731900,1917.344,1918.33,1916.712,1917.256,396.0
1600732800,1917.256,1920.057,1915.589,1919.411,717.0
1600733700,1919.411,1919.596,1917.124,1918.896,395.0
1600734600,1918.896,1918.944,1914.43,1917.404,1221.0
1600735500,1917.404,1919.368,1916.946,1917.943,594.0
1600736400,1917.943,1918.702,1914.816,1915.3,1793.0
1600737300,1915.3,1915.3,1907.284,1910.46,2721.0
1600738200,1910.46,1913.984,1909.418,1910.984,1425.0
1600739100,1910.984,1912.256,1909.966,1911.708,902.0
1600740000,1911.708,1912.806,1908.12,1908.443,871.0
1600740900,1908.443,1909.38,1906.868,1908.63,650.0
1600741800,1908.63,1910.076,1908.029,1909.81,516.0
1600742700,1909.81,1909.81,1907.6,1908.904,446.0
1600743600,1908.904,1909.734,1908.19,1909.511,527.0
1600744500,1909.511,1912.964,1909.122,1912.55,660.0
1600745400,1912.55,1912.847,1911.208,1911.755,403.0
1600746300,1911.755,1912.23,1911.214,1911.762,289.0
1600747200,1911.762,1914.654,1910.453,1914.226,340.0
1600748100,1914.226,1914.634,1913.603,1914.3,264.0
1600749000,1914.3,1916.404,1914.131,1916.331,235.0
1600749900,1916.331,1916.376,1915.02,1916.14,221.0
1600750800,1916.14,1916.361,1913.618,1913.922,429.0
1600751700,1913.922,1913.922,1910.822,1911.462,593.0
1600752600,1911.462,1911.5,1908.692,1908.906,842.0
1600753500,1908.906,1911.694,1908.906,1910.812,582.0
1600754400,1910.812,1914.811,1910.812,1911.268,1034.0
1600755300,1911.268,1911.441,1905.195,1906.55,2055.0
1600756200,1906.55,1906.55,1898.614,1904.078,3208.0
1600757100,1904.078,1906.948,1903.333,1906.632,1418.0
1600758000,1906.632,1909.854,1901.763,1903.814,1733.0
1600758900,1903.814,1904.487,1900.884,1902.473,1185.0
1600759800,1902.473,1903.376,1894.7,1897.204,1924.0
1600760700,1897.204,1901.41,1896.694,1900.122,1238.0
1600761600,1900.122,1903.084,1900.122,1901.558,1059.0
1600762500,1901.558,1906.342,1901.465,1905.688,1031.0
1600763400,1905.688,1906.862,1901.567,1902.136,1315.0
1600764300,1902.136,1903.718,1900.072,1903.682,853.0
1600765200,1903.682,1904.456,1903.262,1903.882,746.0
1600766100,1903.882,1905.178,1903.296,1903.806,625.0
1600767000,1903.806,1905.606,1902.984,1904.486,602.0
1600767900,1904.486,1904.486,1903.038,1903.702,371.0
1600768800,1903.702,1905.262,1902.864,1903.542,423.0
1600769700,1903.542,1905.922,1902.852,1905.795,478.0
1600770600,1905.795,1907.338,1904.448,1907.126,579.0
1600771500,1907.126,1908.164,1906.428,1907.059,582.0
1600772400,1907.059,1907.22,1904.207,1904.888,776.0
1600773300,1904.888,1907.95,1904.888,1906.453,585.0
1600774200,1906.453,1907.432,1905.474,1907.212,768.0
1600775100,1907.212,1907.212,1903.238,1906.399,1311.0
1600776000,1906.399,1908.803,1902.878,1908.693,1962.0
1600776900,1908.693,1908.776,1904.518,1907.096,1536.0
1600777800,1907.096,1911.886,1906.824,1911.506,1606.0
1600778700,1911.506,1912.711,1909.749,1912.424,1262.0
1600779600,1912.424,1917.635,1912.018,1915.806,1962.0
1600780500,1915.806,1917.61,1913.198,1913.198,1318.0
1600781400,1913.198,1917.304,1912.938,1913.292,2473.0
1600782300,1913.292,1913.946,1905.676,1905.872,2610.0
1600783200,1905.872,1914.152,1905.498,1913.392,2674.0
1600784100,1913.392,1916.354,1911.807,1914.442,2673.0
1600785000,1914.442,1915.515,1904.142,1904.682,3041.0
1600785900,1904.682,1907.104,1900.126,1900.778,3221.0
1600786800,1900.778,1903.934,1897.682,1903.381,3057.0
1600787700,1903.381,1905.996,1899.94,1900.612,2346.0
1600788600,1900.612,1902.275,1898.82,1898.928,2031.0
1600789500,1898.928,1900.472,1896.932,1899.99,1803.0
1600790400,1899.99,1903.582,1899.738,1902.03,1263.0
1600791300,1902.03,1904.5,1900.571,1903.748,1139.0
1600792200,1903.748,1904.282,1901.552,1902.703,921.0
1600793100,1902.703,1902.703,1898.63,1899.373,1079.0
1600794000,1899.373,1901.539,1899.326,1901.112,786.0
1600794900,1901.112,1904.478,1900.61,1903.131,976.0
1600795800,1903.131,1904.754,1902.533,1903.96,698.0
1600796700,1903.96,1905.793,1903.618,1904.214,561.0
1600797600,1904.214,1904.912,1903.204,1903.962,635.0
1600798500,1903.962,1907.134,1903.962,1907.048,568.0
1600799400,1907.048,1907.105,1905.431,1906.687,459.0
1600800300,1906.687,1906.872,1904.396,1904.526,501.0
1600801200,1904.526,1905.712,1902.956,1903.086,721.0
1600802100,1903.086,1903.357,1901.584,1902.748,650.0
1600803000,1902.748,1902.944,1901.181,1902.519,495.0
1600803900,1902.519,1903.192,1901.926,1902.542,490.0
1600804800,1902.542,1902.79,1902.097,1902.544,179.0
1600805700,1902.544,1902.68,1901.596,1901.596,100.0
1600806600,1901.596,1902.072,1901.179,1901.261,111.0
1600807500,1901.261,1901.464,1900.038,1900.038,182.0
1600812000,1900.038,1901.575,1899.572,1901.18,251.0
1600812900,1901.18,1901.18,1898.523,1899.046,350.0
1600813800,1899.046,1900.853,1899.046,1900.526,250.0
1600814700,1900.526,1900.589,1898.14,1898.92,253.0
1600815600,1898.92,1899.422,1897.866,1899.279,193.0
1600816500,1899.279,1901.396,1899.231,1901.196,177.0
1600817400,1901.196,1903.988,1900.834,1903.492,485.0
1600818300,1903.492,1905.16,1903.492,1904.334,445.0
1600819200,1904.334,1905.438,1902.488,1902.488,495.0
1600820100,1902.488,1903.954,1902.03,1902.03,341.0
1600821000,1902.03,1903.366,1900.393,1902.838,430.0
1600821900,1902.838,1903.862,1900.901,1902.706,1253.0
1600822800,1902.706,1904.366,1900.562,1900.943,1186.0
1600823700,1900.943,1902.732,1899.185,1902.324,945.0
1600824600,1902.324,1904.744,1901.867,1902.96,820.0
1600825500,1902.96,1904.56,1902.08,1903.091,592.0
1600826400,1903.091,1905.197,1901.608,1901.742,734.0
1600827300,1901.742,1902.76,1901.062,1901.92,469.0
1600828200,1901.92,1902.676,1899.44,1899.756,788.0
1600829100,1899.756,1901.396,1899.392,1900.188,683.0
1600830000,1900.188,1900.233,1892.984,1896.662,1804.0
1600830900,1896.662,1897.549,1894.938,1895.572,858.0
1600831800,1895.572,1896.715,1893.663,1895.344,588.0
1600832700,1895.344,1895.714,1892.849,1893.011,564.0
1600833600,1893.011,1893.011,1887.244,1888.128,1360.0
1600834500,1888.128,1890.798,1886.841,1889.042,2222.0
1600835400,1889.042,1891.406,1882.404,1883.452,1505.0
1600836300,1883.452,1887.914,1882.536,1887.442,1525.0
1600837200,1887.442,1888.688,1885.964,1887.776,890.0
1600838100,1887.776,1890.13,1887.008,1887.822,878.0
1600839000,1887.822,1889.382,1885.636,1886.388,1883.0
1600839900,1886.388,1887.362,1884.288,1885.264,914.0
1600840800,1885.264,1885.518,1876.405,1877.692,1961.0
1600841700,1877.692,1880.364,1874.666,1875.344,2506.0
1600842600,1875.344,1881.06,1874.939,1878.814,1922.0
1600843500,1878.814,1882.22,1878.103,1881.462,1382.0
1600844400,1881.462,1883.383,1878.111,1882.934,1564.0
1600845300,1882.934,1882.974,1879.14,1879.258,1543.0
1600846200,1879.258,1881.41,1876.458,1878.322,1447.0
1600847100,1878.322,1878.593,1874.962,1877.704,1400.0
1600848000,1877.704,1878.484,1873.228,1876.682,1539.0
1600848900,1876.682,1880.342,1876.16,1876.852,1077.0
1600849800,1876.852,1881.832,1876.852,1881.396,897.0
1600850700,1881.396,1881.425,1877.492,1881.425,1191.0
1600851600,1881.425,1889.782,1881.145,1886.19,1562.0
1600852500,1886.19,1888.464,1886.19,1887.916,889.0
1600853400,1887.916,1889.066,1886.782,1888.48,634.0
1600854300,1888.48,1891.274,1888.48,1888.886,952.0
1600855200,1888.886,1889.543,1886.191,1889.168,635.0
1600856100,1889.168,1893.196,1888.412,1892.908,786.0
1600857000,1892.908,1895.046,1891.342,1892.064,829.0
1600857900,1892.064,1894.208,1891.906,1892.14,711.0
1600858800,1892.14,1893.648,1891.126,1891.506,743.0
1600859700,1891.506,1891.699,1888.289,1889.064,742.0
1600860600,1889.064,1891.166,1888.766,1888.869,654.0
1600861500,1888.869,1889.048,1882.463,1883.598,1591.0
1600862400,1883.598,1885.376,1881.039,1883.518,1531.0
1600863300,1883.518,1885.448,1880.562,1884.471,1856.0
1600864200,1884.471,1884.656,1879.212,1879.795,1678.0
1600865100,1879.795,1882.028,1877.682,1881.85,1528.0
1600866000,1881.85,1887.008,1880.478,1886.9,2125.0
1600866900,1886.9,1888.016,1882.198,1884.431,1628.0
1600867800,1884.431,1887.964,1880.888,1883.051,3014.0
1600868700,1883.051,1883.5,1877.372,1877.706,2782.0
1600869600,1877.706,1877.706,1870.694,1871.898,3637.0
1600870500,1871.898,1873.338,1866.712,1869.92,3665.0
1600871400,1869.92,1873.159,1865.744,1870.11,3201.0
1600872300,1870.11,1870.11,1864.596,1865.576,3163.0
1600873200,1865.576,1871.165,1864.768,1868.55,2568.0
1600874100,1868.55,1872.236,1867.47,1867.822,2256.0
1600875000,1867.822,1868.609,1865.346,1866.682,1796.0
1600875900,1866.682,1867.278,1864.122,1864.235,1449.0
1600876800,1864.235,1866.258,1862.521,1865.379,1738.0
1600877700,1865.379,1866.621,1862.48,1864.516,1356.0
1600878600,1864.516,1868.683,1862.709,1866.509,1691.0
1600879500,1866.509,1868.387,1865.788,1866.454,1195.0
1600880400,1866.454,1866.792,1864.876,1864.999,999.0
1600881300,1864.999,1865.679,1864.006,1865.05,1013.0
1600882200,1865.05,1865.489,1862.43,1865.126,958.0
1600883100,1865.126,1866.6,1862.319,1862.476,1076.0
1600884000,1862.476,1865.52,1862.107,1865.264,1081.0
1600884900,1865.264,1865.392,1861.028,1864.118,1615.0
1600885800,1864.118,1868.032,1863.524,1866.178,1538.0
1600886700,1866.178,1866.35,1863.14,1863.197,1024.0
1600887600,1863.197,1864.413,1855.851,1860.062,2266.0
1600888500,1860.062,1861.043,1857.49,1858.634,1273.0
1600889400,1858.634,1860.658,1858.086,1860.443,834.0
1600890300,1860.443,1862.515,1859.354,1862.192,1003.0
1600891200,1862.192,1863.138,1861.148,1862.296,398.0
1600892100,1862.296,1862.486,1859.59,1859.596,329.0
1600893000,1859.596,1861.918,1859.43,1861.918,302.0
1600893900,1861.918,1863.891,1861.66,1863.45,219.0
1600898400,1863.45,1864.837,1862.366,1862.531,224.0
1600899300,1862.531,1862.531,1860.108,1861.004,334.0
1600900200,1861.004,1862.448,1855.264,1855.511,783.0
1600901100,1855.511,1859.942,1855.511,1858.674,825.0
1600902000,1858.674,1860.931,1855.504,1856.688,730.0
1600902900,1856.688,1856.729,1854.124,1854.776,1093.0
1600903800,1854.776,1858.542,1853.842,1858.138,1155.0
1600904700,1858.138,1858.706,1854.876,1855.045,630.0
1600905600,1855.045,1859.85,1854.929,1859.466,1320.0
1600906500,1859.466,1861.174,1857.606,1860.481,1491.0
1600907400,1860.481,1860.578,1857.686,1858.251,737.0
1600908300,1858.251,1861.697,1858.226,1861.618,912.0
1600909200,1861.618,1865.013,1860.773,1861.431,1933.0
1600910100,1861.431,1868.926,1861.384,1867.478,1553.0
1600911000,1867.478,1868.673,1864.014,1864.49,1257.0
1600911900,1864.49,1864.604,1859.908,1862.089,1198.0
1600912800,1862.089,1864.891,1861.964,1862.43,639.0
1600913700,1862.43,1865.07,1862.006,1862.216,767.0
1600914600,1862.216,1862.258,1858.434,1859.294,1768.0
1600915500,1859.294,1860.2,1858.112,1860.107,1062.0
1600916400,1860.107,1861.01,1857.775,1860.872,995.0
1600917300,1860.872,1860.916,1858.125,1858.208,620.0
1600918200,1858.208,1859.24,1856.292,1856.418,582.0
1600919100,1856.418,1858.184,1854.959,1856.262,898.0
1600920000,1856.262,1858.545,1855.579,1858.401,453.0
1600920900,1858.401,1858.542,1855.723,1856.072,440.0
1600921800,1856.072,1856.64,1854.594,1854.937,709.0
1600922700,1854.937,1855.747,1850.689,1851.7,928.0
1600923600,1851.7,1853.684,1851.149,1852.696,1230.0
1600924500,1852.696,1855.997,1852.696,1854.44,736.0
1600925400,1854.44,1855.036,1849.864,1850.23,1409.0
1600926300,1850.23,1853.068,1849.168,1851.92,1140.0
1600927200,1851.92,1855.784,1851.466,1854.673,1626.0
1600928100,1854.673,1854.83,1852.014,1853.638,1042.0
1600929000,1853.638,1853.948,1850.995,1852.48,1120.0
1600929900,1852.48,1853.162,1848.974,1853.048,1011.0
1600930800,1853.048,1858.701,1852.854,1856.599,1572.0
1600931700,1856.599,1856.599,1852.744,1853.315,1601.0
1600932600,1853.315,1858.906,1853.271,1857.121,1415.0
1600933500,1857.121,1861.201,1856.568,1860.951,1266.0
1600934400,1860.951,1861.477,1856.6,1856.6,1110.0
1600935300,1856.6,1859.07,1855.962,1859.018,886.0
1600936200,1859.018,1859.062,1852.707,1852.798,1110.0
1600937100,1852.798,1854.634,1852.61,1853.972,617.0
1600938000,1853.972,1855.04,1851.296,1852.116,937.0
1600938900,1852.116,1854.441,1850.693,1851.263,1060.0
1600939800,1851.263,1852.148,1848.911,1851.04,1108.0
1600940700,1851.04,1852.342,1848.842,1852.339,711.0
1600941600,1852.339,1855.179,1852.294,1854.36,1037.0
1600942500,1854.36,1855.282,1852.659,1855.24,684.0
1600943400,1855.24,1855.388,1852.364,1853.091,732.0
1600944300,1853.091,1857.671,1852.692,1857.323,997.0
1600945200,1857.323,1858.941,1856.646,1858.673,963.0
1600946100,1858.673,1858.8,1854.915,1857.542,897.0
1600947000,1857.542,1859.696,1857.145,1858.258,880.0
1600947900,1858.258,1859.558,1856.579,1858.355,677.0
1600948800,1858.355,1859.483,1855.734,1858.581,1055.0
1600949700,1858.581,1861.512,1856.618,1857.632,1417.0
1600950600,1857.632,1860.814,1853.292,1853.328,2915.0
1600951500,1853.328,1856.064,1851.779,1855.556,2011.0
1600952400,1855.556,1858.25,1852.438,1853.848,2715.0
1600953300,1853.848,1858.496,1853.041,1857.702,1795.0
1600954200,1857.702,1859.662,1851.608,1852.26,3599.0
1600955100,1852.26,1861.304,1850.993,1860.764,3105.0
1600956000,1860.764,1863.938,1859.6,1859.726,3895.0
1600956900,1859.726,1861.735,1856.768,1858.32,2426.0
1600957800,1858.32,1859.07,1854.151,1857.808,2436.0
1600958700,1857.808,1861.064,1856.078,1860.376,2546.0
1600959600,1860.376,1863.888,1858.47,1863.71,2234.0
1600960500,1863.71,1867.53,1862.364,1865.82,1857.0
1600961400,1865.82,1869.535,1865.176,1868.479,1577.0
1600962300,1868.479,1871.144,1865.526,1871.128,1642.0
1600963200,1871.128,1873.26,1870.268,1870.5,1748.0
1600964100,1870.5,1872.854,1868.962,1869.084,1904.0
1600965000,1869.084,1870.818,1867.966,1870.564,1324.0
1600965900,1870.564,1871.186,1868.116,1870.672,1375.0
1600966800,1870.672,1873.176,1869.674,1873.148,1244.0
1600967700,1873.148,1875.563,1870.86,1873.751,1713.0
1600968600,1873.751,1876.515,1872.84,1876.358,1416.0
1600969500,1876.358,1877.119,1872.787,1872.844,1470.0
1600970400,1872.844,1874.16,1869.085,1869.406,1329.0
1600971300,1869.406,1871.573,1866.176,1866.378,1396.0
1600972200,1866.378,1870.406,1866.378,1870.175,1202.0
1600973100,1870.175,1870.182,1861.978,1862.585,1624.0
1600974000,1862.585,1866.362,1862.184,1866.05,1548.0
1600974900,1866.05,1867.15,1861.828,1862.726,1392.0
1600975800,1862.726,1866.487,1862.066,1865.98,1095.0
1600976700,1865.98,1869.628,1865.969,1868.758,1067.0
1600977600,1868.758,1870.785,1868.75,1869.906,608.0
1600978500,1869.906,1871.299,1869.906,1870.33,517.0
1600979400,1870.33,1870.946,1868.762,1869.05,255.0
1600980300,1869.05,1869.268,1867.67,1867.818,296.0
1600984800,1867.818,1871.572,1867.818,1870.708,355.0
1600985700,1870.708,1871.018,1869.64,1869.64,117.0
1600986600,1869.64,1869.64,1867.556,1867.784,204.0
1600987500,1867.784,1868.872,1867.648,1867.687,199.0
1600988400,1867.687,1868.838,1866.609,1868.78,214.0
1600989300,1868.78,1869.595,1868.382,1868.602,178.0
1600990200,1868.602,1869.292,1868.355,1868.894,155.0
1600991100,1868.894,1868.986,1867.082,1867.868,273.0
1600992000,1867.868,1869.401,1865.98,1867.37,800.0
1600992900,1867.37,1867.6,1864.98,1865.501,485.0
1600993800,1865.501,1867.776,1865.141,1867.463,305.0
1600994700,1867.463,1868.952,1867.013,1868.087,494.0
1600995600,1868.087,1869.861,1863.319,1865.08,1467.0
1600996500,1865.08,1867.582,1864.947,1865.304,817.0
1600997400,1865.304,1865.778,1862.078,1863.882,1122.0
1600998300,1863.882,1865.123,1863.503,1864.108,545.0
1600999200,1864.108,1865.789,1863.481,1865.71,562.0
1601000100,1865.71,1867.74,1865.706,1866.519,408.0
1601001000,1866.519,1867.8,1865.65,1867.193,479.0
1601001900,1867.193,1869.072,1867.193,1867.459,445.0
1601002800,1867.459,1868.805,1867.459,1868.326,416.0
1601003700,1868.326,1870.645,1868.326,1870.312,469.0
1601004600,1870.312,1870.647,1869.579,1869.748,207.0
1601005500,1869.748,1870.203,1868.782,1869.35,239.0
1601006400,1869.35,1870.134,1868.626,1869.594,244.0
1601007300,1869.594,1871.626,1869.549,1871.45,259.0
1601008200,1871.45,1872.28,1870.801,1871.662,400.0
1601009100,1871.662,1873.484,1871.461,1873.134,351.0
1601010000,1873.134,1874.01,1871.158,1872.064,438.0
1601010900,1872.064,1873.24,1871.868,1872.256,447.0
1601011800,1872.256,1872.616,1869.89,1870.056,752.0
1601012700,1870.056,1870.394,1866.754,1867.096,594.0
1601013600,1867.096,1870.047,1866.805,1868.492,687.0
1601014500,1868.492,1869.5,1866.156,1869.409,783.0
1601015400,1869.409,1871.654,1869.092,1870.881,784.0
1601016300,1870.881,1873.841,1870.856,1873.784,994.0
1601017200,1873.784,1874.232,1868.908,1872.052,1232.0
1601018100,1872.052,1874.99,1871.278,1874.8,967.0
1601019000,1874.8,1875.22,1872.732,1872.938,722.0
1601019900,1872.938,1874.206,1871.564,1873.498,721.0
1601020800,1873.498,1873.984,1869.3,1870.248,796.0
1601021700,1870.248,1871.57,1869.692,1870.03,627.0
1601022600,1870.03,1872.188,1869.938,1871.258,558.0
1601023500,1871.258,1872.622,1870.101,1871.328,426.0
1601024400,1871.328,1872.896,1870.296,1872.236,614.0
1601025300,1872.236,1872.81,1870.257,1871.096,738.0
1601026200,1871.096,1871.306,1867.881,1868.728,686.0
1601027100,1868.728,1868.825,1864.53,1866.392,1070.0
1601028000,1866.392,1866.437,1863.521,1865.098,956.0
1601028900,1865.098,1865.209,1859.724,1859.884,1148.0
1601029800,1859.884,1863.31,1859.546,1860.976,1339.0
1601030700,1860.976,1862.72,1854.124,1855.41,1802.0
1601031600,1855.41,1858.49,1852.954,1856.938,2334.0
1601032500,1856.938,1859.467,1854.574,1859.15,1244.0
1601033400,1859.15,1860.524,1857.162,1860.168,1185.0
1601034300,1860.168,1860.396,1857.51,1858.596,1113.0
1601035200,1858.596,1862.247,1856.736,1859.455,1546.0
1601036100,1859.455,1860.632,1856.258,1858.684,1761.0
1601037000,1858.684,1859.429,1855.036,1859.082,1551.0
1601037900,1859.082,1861.842,1858.601,1860.771,1308.0
1601038800,1860.771,1864.072,1858.914,1861.323,1750.0
1601039700,1861.323,1861.836,1857.378,1857.664,1517.0
1601040600,1857.664,1864.382,1857.022,1863.007,3017.0
1601041500,1863.007,1864.012,1859.958,1863.382,2442.0
1601042400,1863.382,1864.003,1852.619,1854.622,2965.0
1601043300,1854.622,1862.518,1853.77,1861.88,2573.0
1601044200,1861.88,1864.535,1859.584,1864.168,2587.0
1601045100,1864.168,1865.259,1861.947,1862.627,2048.0
1601046000,1862.627,1864.193,1861.412,1862.145,1331.0
1601046900,1862.145,1864.436,1861.588,1863.064,930.0
1601047800,1863.064,1865.888,1860.592,1860.63,1325.0
1601048700,1860.63,1861.748,1859.79,1860.046,1114.0
1601049600,1860.046,1863.07,1858.868,1862.214,828.0
1601050500,1862.214,1862.682,1858.265,1859.382,884.0
1601051400,1859.382,1861.312,1859.03,1860.646,868.0
1601052300,1860.646,1862.704,1860.546,1862.15,574.0
1601053200,1862.15,1864.092,1860.53,1862.83,834.0
1601054100,1862.83,1863.827,1862.585,1863.149,594.0
1601055000,1863.149,1865.061,1862.382,1864.908,568.0
1601055900,1864.908,1865.704,1864.454,1864.868,473.0
1601056800,1864.868,1865.934,1864.659,1865.306,558.0
1601057700,1865.306,1866.568,1865.306,1865.368,488.0
1601058600,1865.368,1865.41,1863.72,1863.962,405.0
1601059500,1863.962,1865.687,1863.912,1864.801,320.0
1601060400,1864.801,1866.742,1864.58,1865.638,508.0
1601061300,1865.638,1866.798,1865.347,1865.393,541.0
1601062200,1865.393,1865.622,1862.047,1863.96,803.0
1601063100,1863.96,1864.435,1862.776,1862.776,609.0
1601064000,1862.776,1863.444,1862.36,1863.444,127.0
1601064900,1863.444,1863.837,1861.242,1861.768,213.0
1601065800,1861.768,1862.066,1860.46,1860.974,104.0
1601066700,1860.974,1861.697,1859.92,1861.62,185.0
1601244000,1861.62,1864.544,1861.133,1863.868,496.0
1601244900,1863.868,1865.924,1863.684,1864.884,219.0
1601245800,1864.884,1865.877,1863.697,1865.877,294.0
1601246700,1865.877,1866.168,1864.572,1865.11,241.0
1601247600,1865.11,1865.196,1864.039,1864.298,190.0
1601248500,1864.298,1864.298,1863.32,1863.988,134.0
1601249400,1863.988,1864.134,1863.114,1863.428,181.0
1601250300,1863.428,1864.496,1862.244,1862.661,168.0
1601251200,1862.661,1862.7,1859.692,1859.94,543.0
1601252100,1859.94,1861.95,1859.846,1861.95,384.0
1601253000,1861.95,1862.634,1860.378,1862.428,373.0
1601253900,1862.428,1862.482,1859.227,1859.672,453.0
1601254800,1859.672,1861.227,1857.812,1860.496,869.0
1601255700,1860.496,1862.042,1860.411,1861.606,530.0
1601256600,1861.606,1861.696,1858.864,1859.923,744.0
1601257500,1859.923,1863.369,1859.732,1862.544,555.0
1601258400,1862.544,1863.476,1860.701,1861.25,542.0
1601259300,1861.25,1862.51,1859.914,1861.437,435.0
1601260200,1861.437,1862.358,1860.73,1861.1,458.0
1601261100,1861.1,1861.75,1860.595,1860.785,248.0
1601262000,1860.785,1862.108,1860.053,1861.558,333.0
1601262900,1861.558,1862.14,1860.94,1861.224,198.0
1601263800,1861.224,1862.21,1861.008,1862.032,140.0
1601264700,1862.032,1862.708,1861.288,1861.292,121.0
1601265600,1861.292,1862.235,1861.122,1862.227,114.0
1601266500,1862.227,1863.816,1862.193,1862.923,152.0
1601267400,1862.923,1863.668,1861.95,1863.486,257.0
1601268300,1863.486,1864.158,1861.67,1861.852,250.0
1601269200,1861.852,1862.102,1860.232,1860.662,396.0
1601270100,1860.662,1861.542,1860.499,1861.231,202.0
1601271000,1861.231,1862.068,1859.376,1859.518,560.0
1601271900,1859.518,1860.414,1856.459,1857.267,939.0
1601272800,1857.267,1857.71,1856.073,1857.084,949.0
1601273700,1857.084,1860.387,1857.084,1860.387,816.0
1601274600,1860.387,1860.648,1857.824,1857.922,802.0
1601275500,1857.922,1859.806,1856.939,1859.736,678.0
1601276400,1859.736,1861.794,1859.424,1860.113,1028.0
1601277300,1860.113,1861.131,1858.98,1858.98,650.0
1601278200,1858.98,1861.753,1858.306,1859.03,746.0
1601279100,1859.03,1860.676,1858.242,1858.546,714.0
1601280000,1858.546,1859.468,1855.891,1856.876,1139.0
1601280900,1856.876,1857.266,1853.676,1854.156,1076.0
1601281800,1854.156,1857.522,1852.694,1855.144,1088.0
1601282700,1855.144,1855.526,1848.801,1852.466,1088.0
1601283600,1852.466,1852.466,1850.151,1852.114,1131.0
1601284500,1852.114,1854.629,1851.895,1853.939,590.0
1601285400,1853.939,1853.939,1850.33,1852.178,1048.0
1601286300,1852.178,1852.656,1851.786,1852.3,450.0
1601287200,1852.3,1857.578,1851.212,1857.292,959.0
1601288100,1857.292,1861.447,1856.022,1860.258,1415.0
1601289000,1860.258,1860.838,1856.502,1857.892,878.0
1601289900,1857.892,1860.156,1856.947,1857.938,868.0
1601290800,1857.938,1859.675,1857.722,1859.132,690.0
1601291700,1859.132,1860.649,1856.722,1857.297,707.0
1601292600,1857.297,1863.1,1857.297,1862.062,1035.0
1601293500,1862.062,1865.894,1861.534,1865.334,1121.0
1601294400,1865.334,1866.406,1862.934,1864.166,1127.0
1601295300,1864.166,1868.606,1863.128,1868.474,1323.0
1601296200,1868.474,1872.54,1866.439,1868.384,1844.0
1601297100,1868.384,1869.338,1866.236,1868.01,1400.0
1601298000,1868.01,1873.736,1868.01,1873.145,2158.0
1601298900,1873.145,1874.196,1870.564,1872.276,1596.0
1601299800,1872.276,1877.149,1869.308,1870.562,2669.0
1601300700,1870.562,1872.318,1865.669,1867.622,2300.0
1601301600,1867.622,1871.214,1864.918,1870.672,2483.0
1601302500,1870.672,1872.828,1870.036,1870.904,1639.0
1601303400,1870.904,1872.114,1867.526,1868.09,1824.0
1601304300,1868.09,1868.452,1865.066,1866.22,1826.0
1601305200,1866.22,1870.672,1866.22,1869.882,1452.0
1601306100,1869.882,1872.762,1869.142,1872.185,1194.0
1601307000,1872.185,1873.381,1871.508,1872.194,785.0
1601307900,1872.194,1873.52,1871.147,1873.034,865.0
1601308800,1873.034,1875.07,1872.606,1874.244,661.0
1601309700,1874.244,1875.404,1873.446,1873.832,621.0
1601310600,1873.832,1875.752,1873.12,1875.538,439.0
1601311500,1875.538,1876.432,1874.576,1874.618,410.0
1601312400,1874.618,1878.314,1874.552,1877.486,812.0
1601313300,1877.486,1878.16,1876.77,1878.155,694.0
1601314200,1878.155,1880.304,1877.892,1879.596,574.0
1601315100,1879.596,1880.282,1878.19,1878.501,379.0
1601316000,1878.501,1879.611,1878.035,1879.493,363.0
1601316900,1879.493,1880.386,1878.3,1879.476,462.0
1601317800,1879.476,1882.527,1879.243,1882.322,491.0
1601318700,1882.322,1883.058,1880.856,1881.881,587.0
1601319600,1881.881,1882.294,1879.842,1881.302,591.0
1601320500,1881.302,1881.733,1880.48,1881.641,413.0
1601321400,1881.641,1881.812,1877.506,1879.888,817.0
1601322300,1879.888,1882.214,1879.192,1881.419,861.0
1601323200,1881.419,1882.994,1880.852,1882.698,362.0
1601324100,1882.698,1882.738,1881.222,1881.358,146.0
1601325000,1881.358,1882.503,1881.123,1882.368,185.0
1601325900,1882.368,1883.101,1881.414,1881.414,192.0
1601330400,1881.414,1882.427,1879.83,1879.873,373.0
1601331300,1879.873,1881.484,1879.188,1881.408,319.0
1601332200,1881.408,1881.968,1879.062,1879.442,314.0
1601333100,1879.442,1880.497,1879.442,1880.406,133.0
1601334000,1880.406,1881.788,1880.394,1881.704,185.0
1601334900,1881.704,1882.654,1881.16,1882.386,133.0
1601335800,1882.386,1883.773,1882.189,1883.534,227.0
1601336700,1883.534,1883.795,1882.488,1882.77,284.0
1601337600,1882.77,1885.975,1881.914,1885.7,457.0
1601338500,1885.7,1886.24,1884.698,1885.746,316.0
1601339400,1885.746,1886.248,1883.554,1884.268,315.0
1601340300,1884.268,1885.326,1883.394,1883.394,262.0
1601341200,1883.394,1884.902,1881.248,1882.032,867.0
1601342100,1882.032,1887.329,1881.242,1886.264,861.0
1601343000,1886.264,1886.572,1884.962,1885.194,359.0
1601343900,1885.194,1885.512,1884.76,1884.87,227.0
1601344800,1884.87,1886.488,1884.667,1886.078,223.0
1601345700,1886.078,1887.27,1885.606,1886.748,342.0
1601346600,1886.748,1886.838,1883.314,1883.976,366.0
1601347500,1883.976,1884.434,1882.812,1883.429,336.0
1601348400,1883.429,1883.947,1882.218,1883.671,223.0
1601349300,1883.671,1884.286,1882.872,1883.425,248.0
1601350200,1883.425,1883.49,1882.798,1883.432,154.0
1601351100,1883.432,1883.432,1881.916,1882.946,204.0
1601352000,1882.946,1883.744,1882.946,1883.472,122.0
1601352900,1883.472,1884.064,1882.569,1882.709,165.0
1601353800,1882.709,1882.758,1880.623,1880.679,241.0
1601354700,1880.679,1882.152,1880.634,1881.512,231.0
1601355600,1881.512,1882.036,1880.401,1880.539,210.0
1601356500,1880.539,1880.709,1877.783,1877.828,461.0
1601357400,1877.828,1879.421,1875.684,1877.968,913.0
1601358300,1877.968,1879.32,1877.614,1878.699,560.0
1601359200,1878.699,1880.672,1877.426,1879.538,827.0
1601360100,1879.538,1881.318,1878.904,1880.878,515.0
1601361000,1880.878,1880.987,1878.28,1879.456,572.0
1601361900,1879.456,1884.377,1879.27,1884.084,873.0
1601362800,1884.084,1884.805,1880.23,1880.589,1016.0
1601363700,1880.589,1883.172,1879.069,1881.96,922.0
1601364600,1881.96,1882.958,1881.015,1881.223,811.0
1601365500,1881.223,1883.686,1879.644,1883.31,658.0
1601366400,1883.31,1883.394,1880.606,1881.436,753.0
1601367300,1881.436,1883.34,1881.305,1881.974,596.0
1601368200,1881.974,1882.981,1880.544,1882.35,729.0
1601369100,1882.35,1882.66,1881.442,1882.049,498.0
1601370000,1882.049,1885.89,1881.594,1884.632,841.0
1601370900,1884.632,1885.877,1883.566,1885.208,565.0
1601371800,1885.208,1885.208,1883.099,1885.015,557.0
1601372700,1885.015,1886.478,1884.612,1886.28,491.0
1601373600,1886.28,1886.28,1884.294,1884.669,347.0
1601374500,1884.669,1885.867,1883.816,1884.556,465.0
1601375400,1884.556,1884.842,1883.418,1883.95,311.0
1601376300,1883.95,1886.416,1882.134,1886.219,634.0
1601377200,1886.219,1888.986,1885.817,1888.122,1013.0
1601378100,1888.122,1890.181,1887.816,1888.054,702.0
1601379000,1888.054,1888.084,1885.85,1887.129,651.0
1601379900,1887.129,1887.132,1885.652,1886.87,444.0
1601380800,1886.87,1886.87,1881.379,1885.09,1206.0
1601381700,1885.09,1886.148,1883.552,1884.874,923.0
1601382600,1884.874,1885.478,1877.529,1880.272,1387.0
1601383500,1880.272,1884.942,1879.694,1884.238,988.0
1601384400,1884.238,1885.81,1881.388,1881.433,1387.0
1601385300,1881.433,1887.529,1881.1,1887.004,1263.0
1601386200,1887.004,1889.385,1885.847,1887.126,2123.0
1601387100,1887.126,1889.018,1885.332,1886.202,1770.0
1601388000,1886.202,1889.72,1884.317,1888.497,2072.0
1601388900,1888.497,1892.092,1888.158,1891.476,1496.0
1601389800,1891.476,1891.988,1886.724,1888.529,1637.0
1601390700,1888.529,1888.529,1886.576,1886.91,1454.0
1601391600,1886.91,1889.648,1885.385,1888.652,1175.0
1601392500,1888.652,1892.994,1888.517,1892.566,1088.0
1601393400,1892.566,1892.806,1890.638,1891.267,926.0
1601394300,1891.267,1891.58,1889.68,1890.104,945.0
1601395200,1890.104,1892.256,1889.452,1892.121,741.0
1601396100,1892.121,1893.202,1891.83,1893.099,482.0
1601397000,1893.099,1894.076,1892.842,1893.464,288.0
1601397900,1893.464,1895.7,1892.83,1895.592,564.0
1601398800,1895.592,1895.77,1893.917,1894.87,406.0
1601399700,1894.87,1898.208,1894.87,1897.316,668.0
1601400600,1897.316,1898.52,1896.79,1897.14,470.0
1601401500,1897.14,1899.083,1896.904,1896.904,470.0
1601402400,1896.904,1897.514,1895.606,1895.948,462.0
1601403300,1895.948,1897.412,1895.774,1896.8,401.0
1601404200,1896.8,1897.856,1896.516,1897.312,290.0
1601405100,1897.312,1897.83,1896.413,1896.494,310.0
1601406000,1896.494,1896.878,1894.838,1894.838,287.0
1601406900,1894.838,1896.05,1894.425,1894.603,471.0
1601407800,1894.603,1897.104,1894.449,1897.104,547.0
1601408700,1897.104,1897.984,1896.746,1897.518,672.0
1601409600,1897.518,1897.972,1896.904,1897.92,424.0
1601410500,1897.92,1898.27,1897.47,1897.645,152.0
1601411400,1897.645,1898.72,1897.596,1897.842,174.0
1601412300,1897.842,1898.552,1896.678,1897.205,299.0
1601416800,1897.205,1898.476,1897.205,1898.204,125.0
1601417700,1898.204,1898.358,1897.854,1898.254,30.0
1601418600,1898.254,1898.605,1897.711,1898.367,43.0
1601419500,1898.367,1898.864,1898.212,1898.6,38.0
1601420400,1898.6,1898.779,1898.194,1898.46,81.0
1601421300,1898.46,1899.184,1898.398,1899.003,83.0
1601422200,1899.003,1899.003,1897.794,1897.84,145.0
1601423100,1897.84,1898.304,1896.928,1896.972,128.0
1601424000,1896.972,1897.142,1895.474,1895.682,355.0
1601424900,1895.682,1897.116,1895.41,1896.491,248.0
1601425800,1896.491,1897.068,1895.786,1896.242,204.0
1601426700,1896.242,1896.512,1894.544,1895.126,399.0
1601427600,1895.126,1895.51,1893.214,1895.14,826.0
1601428500,1895.14,1896.488,1895.12,1896.077,474.0
1601429400,1896.077,1897.484,1894.674,1896.449,462.0
1601430300,1896.449,1896.449,1892.788,1894.614,647.0
1601431200,1894.614,1895.939,1894.297,1895.83,377.0
1601432100,1895.83,1896.898,1895.164,1895.668,324.0
1601433000,1895.668,1895.967,1893.954,1895.503,553.0
1601433900,1895.503,1895.861,1892.336,1892.803,769.0
1601434800,1892.803,1892.98,1887.831,1888.153,1089.0
1601435700,1888.153,1890.91,1888.153,1889.786,615.0
1601436600,1889.786,1890.418,1889.284,1889.878,372.0
1601437500,1889.878,1890.536,1888.907,1889.358,256.0
1601438400,1889.358,1889.402,1887.676,1888.61,258.0
1601439300,1888.61,1889.342,1887.259,1889.3,365.0
1601440200,1889.3,1890.762,1889.088,1890.31,230.0
1601441100,1890.31,1890.93,1890.246,1890.431,167.0
1601442000,1890.431,1892.089,1889.871,1891.798,307.0
1601442900,1891.798,1892.07,1891.223,1891.365,247.0
1601443800,1891.365,1891.365,1889.688,1890.582,510.0
1601444700,1890.582,1890.797,1887.802,1887.802,447.0
1601445600,1887.802,1889.406,1883.872,1884.482,1053.0
1601446500,1884.482,1888.265,1883.841,1887.922,732.0
1601447400,1887.922,1889.119,1887.25,1887.3,518.0
1601448300,1887.3,1889.436,1886.464,1889.304,560.0
1601449200,1889.304,1890.307,1886.952,1887.984,791.0
1601450100,1887.984,1887.984,1883.888,1885.122,772.0
1601451000,1885.122,1887.836,1884.052,1887.502,680.0
1601451900,1887.502,1888.188,1886.004,1887.64,483.0
1601452800,1887.64,1888.918,1886.938,1888.026,585.0
1601453700,1888.026,1888.026,1885.01,1885.755,514.0
1601454600,1885.755,1887.351,1884.56,1884.911,480.0
1601455500,1884.911,1885.316,1882.656,1883.671,567.0
1601456400,1883.671,1884.218,1881.726,1882.256,667.0
1601457300,1882.256,1883.761,1881.524,1881.77,488.0
1601458200,1881.77,1884.378,1881.728,1884.16,478.0
1601459100,1884.16,1885.003,1883.508,1884.814,299.0
1601460000,1884.814,1884.839,1882.664,1884.709,415.0
1601460900,1884.709,1884.782,1883.321,1883.463,370.0
1601461800,1883.463,1886.69,1883.458,1885.86,499.0
1601462700,1885.86,1888.074,1885.13,1885.13,570.0
1601463600,1885.13,1886.88,1884.532,1885.694,529.0
1601464500,1885.694,1886.82,1884.76,1886.774,476.0
1601465400,1886.774,1886.826,1884.157,1884.488,514.0
1601466300,1884.488,1885.468,1882.944,1884.012,475.0
1601467200,1884.012,1885.744,1882.026,1884.344,738.0
1601468100,1884.344,1888.742,1883.218,1887.798,1131.0
1601469000,1887.798,1897.15,1886.968,1896.112,2006.0
1601469900,1896.112,1900.056,1895.372,1895.51,1805.0
1601470800,1895.51,1896.992,1894.228,1895.84,1744.0
1601471700,1895.84,1896.244,1891.879,1892.35,1268.0
1601472600,1892.35,1892.966,1886.154,1887.338,2576.0
1601473500,1887.338,1888.538,1881.738,1885.666,2651.0
1601474400,1885.666,1887.992,1884.136,1887.528,2321.0
1601475300,1887.528,1890.42,1886.792,1887.786,2064.0
1601476200,1887.786,1888.406,1884.662,1886.196,2183.0
1601477100,1886.196,1892.23,1885.735,1892.158,2176.0
1601478000,1892.158,1900.252,1890.962,1899.732,1630.0
1601478900,1899.732,1902.349,1899.383,1900.516,2095.0
1601479800,1900.516,1901.214,1895.902,1896.821,1732.0
1601480700,1896.821,1897.577,1895.052,1896.259,1063.0
1601481600,1896.259,1897.348,1893.479,1895.174,1054.0
1601482500,1895.174,1895.756,1893.475,1895.382,1067.0
1601483400,1895.382,1897.868,1894.674,1896.316,739.0
1601484300,1896.316,1898.176,1895.743,1897.82,517.0
1601485200,1897.82,1897.82,1888.651,1888.95,1297.0
1601486100,1888.95,1891.688,1887.62,1890.557,1917.0
1601487000,1890.557,1894.08,1890.328,1893.202,1310.0
1601487900,1893.202,1893.628,1891.873,1893.168,638.0
1601488800,1893.168,1893.768,1891.214,1893.224,595.0
1601489700,1893.224,1895.531,1891.692,1894.538,1761.0
1601490600,1894.538,1894.986,1889.97,1891.408,1430.0
1601491500,1891.408,1891.55,1887.202,1890.19,1431.0
1601492400,1890.19,1890.789,1887.256,1888.748,1542.0
1601493300,1888.748,1889.181,1885.364,1888.562,1552.0
1601494200,1888.562,1888.918,1887.008,1887.952,1184.0
1601495100,1887.952,1888.88,1886.135,1886.64,898.0
1601496000,1886.64,1888.189,1886.488,1887.126,367.0
1601496900,1887.126,1887.269,1885.396,1886.114,163.0
1601497800,1886.114,1886.706,1885.457,1885.508,176.0
1601498700,1885.508,1885.851,1884.758,1885.5,247.0
1601503200,1885.5,1887.778,1885.5,1887.219,368.0
1601504100,1887.219,1888.006,1886.38,1887.87,141.0
1601505000,1887.87,1888.116,1887.22,1887.827,92.0
1601505900,1887.827,1888.903,1887.71,1888.855,124.0
1601506800,1888.855,1888.897,1887.102,1887.687,257.0
1601507700,1887.687,1888.638,1887.36,1888.164,163.0
1601508600,1888.164,1888.474,1887.628,1887.758,97.0
1601509500,1887.758,1888.584,1887.579,1887.738,171.0
1601510400,1887.738,1888.202,1886.784,1887.408,351.0
1601511300,1887.408,1888.274,1886.134,1886.291,322.0
1601512200,1886.291,1886.395,1885.116,1885.48,321.0
1601513100,1885.48,1886.65,1884.72,1885.2,387.0
1601514000,1885.2,1888.067,1885.162,1887.886,462.0
1601514900,1887.886,1888.668,1886.658,1888.541,354.0
1601515800,1888.541,1891.242,1888.379,1890.344,872.0
1601516700,1890.344,1890.386,1887.532,1887.768,452.0
1601517600,1887.768,1889.089,1887.768,1888.918,325.0
1601518500,1888.918,1890.298,1888.382,1889.641,234.0
1601519400,1889.641,1891.709,1889.112,1891.446,408.0
1601520300,1891.446,1892.562,1891.133,1892.462,200.0
1601521200,1892.462,1892.741,1890.99,1891.381,210.0
1601522100,1891.381,1892.455,1891.34,1891.386,163.0
1601523000,1891.386,1892.828,1891.33,1892.828,146.0
1601523900,1892.828,1892.87,1891.402,1892.506,201.0
1601524800,1892.506,1893.529,1892.202,1893.296,159.0
1601525700,1893.296,1893.422,1892.521,1892.651,120.0
1601526600,1892.651,1894.884,1892.651,1894.49,222.0
1601527500,1894.49,1895.616,1894.15,1894.44,357.0
1601528400,1894.44,1894.49,1892.59,1892.858,216.0
1601529300,1892.858,1893.256,1892.488,1893.068,126.0
1601530200,1893.068,1894.644,1892.821,1894.079,316.0
1601531100,1894.079,1894.587,1892.444,1892.9,369.0
1601532000,1892.9,1895.0,1892.9,1894.714,582.0
1601532900,1894.714,1897.589,1894.714,1896.912,735.0
1601533800,1896.912,1900.102,1896.626,1896.974,689.0
1601534700,1896.974,1897.85,1895.982,1896.996,469.0
1601535600,1896.996,1900.39,1896.896,1898.154,987.0
1601536500,1898.154,1898.232,1895.847,1895.848,482.0
1601537400,1895.848,1896.435,1894.848,1895.874,581.0
1601538300,1895.874,1897.693,1895.744,1897.107,493.0
1601539200,1897.107,1897.362,1894.958,1896.534,518.0
1601540100,1896.534,1897.026,1895.698,1895.714,385.0
1601541000,1895.714,1895.804,1893.503,1894.54,593.0
1601541900,1894.54,1895.395,1893.789,1894.477,461.0
1601542800,1894.477,1896.382,1894.477,1895.696,422.0
1601543700,1895.696,1897.103,1893.386,1893.832,466.0
1601544600,1893.832,1896.14,1893.83,1895.847,428.0
1601545500,1895.847,1898.335,1895.438,1897.535,481.0
1601546400,1897.535,1898.256,1896.746,1897.661,502.0
1601547300,1897.661,1898.185,1896.91,1897.718,414.0
1601548200,1897.718,1897.718,1895.608,1896.202,415.0
1601549100,1896.202,1897.046,1895.256,1896.463,369.0
1601550000,1896.463,1898.914,1895.37,1898.554,512.0
1601550900,1898.554,1899.841,1897.115,1897.274,483.0
1601551800,1897.274,1900.704,1897.23,1899.868,797.0
1601552700,1899.868,1902.168,1899.458,1900.632,814.0
1601553600,1900.632,1901.37,1897.218,1898.63,714.0
1601554500,1898.63,1907.596,1898.427,1906.63,1318.0
1601555400,1906.63,1909.336,1904.078,1907.485,1874.0
1601556300,1907.485,1907.526,1903.309,1903.764,1328.0
1601557200,1903.764,1906.278,1901.816,1903.814,2055.0
1601558100,1903.814,1904.952,1900.699,1903.243,1466.0
1601559000,1903.243,1906.918,1902.648,1905.446,1945.0
1601559900,1905.446,1905.72,1901.67,1902.578,1876.0
1601560800,1902.578,1905.484,1896.432,1900.428,3626.0
1601561700,1900.428,1902.772,1896.867,1898.055,2339.0
1601562600,1898.055,1903.267,1897.522,1901.565,2019.0
1601563500,1901.565,1904.519,1901.179,1904.212,1522.0
1601564400,1904.212,1908.601,1904.212,1908.462,1631.0
1601565300,1908.462,1909.534,1905.68,1909.534,1547.0
1601566200,1909.534,1912.662,1909.077,1911.084,1487.0
1601567100,1911.084,1911.278,1909.486,1910.689,1120.0
1601568000,1910.689,1911.098,1906.964,1908.66,1595.0
1601568900,1908.66,1910.011,1907.228,1909.111,1577.0
1601569800,1909.111,1909.418,1906.316,1908.66,1186.0
1601570700,1908.66,1909.908,1907.838,1908.57,1071.0
1601571600,1908.57,1911.538,1907.939,1910.894,1042.0
1601572500,1910.894,1911.678,1909.868,1910.356,1362.0
1601573400,1910.356,1911.064,1907.172,1908.207,1311.0
1601574300,1908.207,1909.512,1905.837,1906.52,1322.0
1601575200,1906.52,1908.722,1904.974,1906.273,2855.0
1601576100,1906.273,1908.951,1905.764,1908.516,1590.0
1601577000,1908.516,1908.844,1907.446,1908.18,864.0
1601577900,1908.18,1909.934,1907.692,1909.686,1046.0
1601578800,1909.686,1910.554,1908.021,1908.478,1178.0
1601579700,1908.478,1908.699,1905.801,1906.346,1192.0
1601580600,1906.346,1906.906,1905.032,1906.01,1153.0
1601581500,1906.01,1906.234,1903.874,1903.931,1107.0
1601582400,1903.931,1906.706,1903.717,1905.49,782.0
1601583300,1905.49,1906.147,1904.144,1905.425,752.0
1601584200,1905.425,1905.94,1905.014,1905.298,386.0
1601585100,1905.298,1906.331,1904.542,1906.12,563.0
1601589600,1906.12,1906.12,1904.872,1905.402,151.0
1601590500,1905.402,1907.49,1905.402,1906.122,245.0
1601591400,1906.122,1906.627,1905.892,1906.088,107.0
1601592300,1906.088,1906.136,1905.652,1905.864,66.0
1601593200,1905.864,1905.906,1905.25,1905.417,79.0
1601594100,1905.417,1905.718,1905.242,1905.242,66.0
1601595000,1905.242,1905.47,1904.834,1904.834,82.0
1601595900,1904.834,1904.929,1902.862,1903.46,254.0
1601596800,1903.46,1903.736,1901.156,1902.467,700.0
1601597700,1902.467,1903.85,1902.432,1903.564,310.0
1601598600,1903.564,1903.564,1900.188,1900.381,483.0
1601599500,1900.381,1901.642,1899.756,1900.681,282.0
1601600400,1900.681,1901.412,1899.084,1900.7,259.0
1601601300,1900.7,1901.168,1898.467,1898.868,352.0
1601602200,1898.868,1899.482,1898.078,1898.402,270.0
1601603100,1898.402,1898.568,1897.39,1897.978,290.0
1601604000,1897.978,1898.288,1895.946,1896.836,320.0
1601604900,1896.836,1897.85,1896.24,1897.512,205.0
1601605800,1897.512,1897.56,1892.438,1894.036,531.0
1601606700,1894.036,1894.444,1891.406,1893.24,618.0
1601607600,1893.24,1894.028,1892.093,1893.64,400.0
1601608500,1893.64,1895.498,1893.59,1895.226,239.0
1601609400,1895.226,1896.139,1893.435,1894.39,316.0
1601610300,1894.39,1895.314,1894.35,1894.637,176.0
1601611200,1894.637,1894.637,1892.968,1894.061,222.0
1601612100,1894.061,1894.708,1893.773,1893.808,140.0
1601613000,1893.808,1895.71,1893.54,1895.668,220.0
1601613900,1895.668,1895.674,1890.525,1891.342,816.0
1601614800,1891.342,1897.94,1889.866,1897.806,2001.0
1601615700,1897.806,1905.8,1897.325,1902.946,1642.0
1601616600,1902.946,1908.956,1898.495,1908.442,1741.0
1601617500,1908.442,1908.942,1904.924,1905.564,1325.0
1601618400,1905.564,1908.146,1905.564,1908.012,1106.0
1601619300,1908.012,1914.454,1906.628,1912.934,1417.0
1601620200,1912.934,1916.24,1912.878,1915.426,1225.0
1601621100,1915.426,1917.165,1911.243,1912.771,1244.0
1601622000,1912.771,1915.5,1912.662,1914.414,1026.0
1601622900,1914.414,1914.629,1910.421,1910.762,1086.0
1601623800,1910.762,1911.547,1908.09,1908.938,1262.0
1601624700,1908.938,1912.239,1907.591,1909.613,931.0
1601625600,1909.613,1911.844,1907.706,1911.709,895.0
1601626500,1911.709,1912.811,1910.08,1911.253,571.0
1601627400,1911.253,1911.253,1907.504,1907.978,991.0
1601628300,1907.978,1908.582,1905.392,1906.092,814.0
1601629200,1906.092,1908.978,1905.558,1908.458,580.0
1601630100,1908.458,1908.508,1906.298,1906.298,403.0
1601631000,1906.298,1908.117,1905.849,1907.582,506.0
1601631900,1907.582,1910.175,1907.093,1907.484,560.0
1601632800,1907.484,1908.684,1906.335,1907.023,503.0
1601633700,1907.023,1909.424,1906.148,1908.064,532.0
1601634600,1908.064,1909.4,1907.226,1908.558,614.0
1601635500,1908.558,1909.33,1907.25,1907.779,533.0
1601636400,1907.779,1908.399,1906.776,1907.194,543.0
1601637300,1907.194,1908.648,1906.502,1908.57,430.0
1601638200,1908.57,1910.624,1907.588,1908.902,832.0
1601639100,1908.902,1909.662,1907.684,1908.102,726.0
1601640000,1908.102,1910.858,1905.564,1910.272,1202.0
1601640900,1910.272,1910.272,1906.978,1908.846,1139.0
1601641800,1908.846,1912.094,1906.236,1908.474,2776.0
1601642700,1908.474,1911.94,1907.473,1911.712,1924.0
1601643600,1911.712,1911.934,1902.762,1903.877,2051.0
1601644500,1903.877,1905.374,1902.32,1903.64,1551.0
1601645400,1903.64,1905.754,1898.364,1900.845,2858.0
1601646300,1900.845,1903.928,1898.202,1903.164,2071.0
1601647200,1903.164,1907.174,1900.614,1904.344,2223.0
1601648100,1904.344,1905.984,1903.227,1904.24,1365.0
1601649000,1904.24,1906.481,1902.559,1905.99,1488.0
1601649900,1905.99,1907.216,1903.973,1903.973,1199.0
1601650800,1903.973,1908.923,1902.408,1907.536,1352.0
1601651700,1907.536,1909.734,1905.14,1907.66,1516.0
1601652600,1907.66,1907.66,1902.416,1903.236,1270.0
1601653500,1903.236,1903.566,1899.712,1900.634,1597.0
1601654400,1900.634,1904.284,1898.667,1903.306,1423.0
1601655300,1903.306,1905.756,1901.922,1902.458,1283.0
1601656200,1902.458,1902.988,1900.68,1902.446,911.0
1601657100,1902.446,1902.794,1900.304,1901.509,678.0
1601658000,1901.509,1903.154,1900.93,1901.018,893.0
1601658900,1901.018,1903.608,1900.454,1902.617,804.0
1601659800,1902.617,1903.116,1898.772,1900.53,1000.0
1601660700,1900.53,1901.763,1900.11,1901.02,887.0
1601661600,1901.02,1903.414,1900.904,1902.505,761.0
1601662500,1902.505,1903.591,1901.959,1902.29,397.0
1601663400,1902.29,1903.978,1901.408,1901.84,668.0
1601664300,1901.84,1903.904,1901.799,1903.44,716.0
1601665200,1903.44,1904.06,1902.432,1903.384,716.0
1601666100,1903.384,1904.82,1902.891,1903.732,494.0
1601667000,1903.732,1904.277,1903.192,1903.83,386.0
1601667900,1903.83,1903.946,1901.571,1901.796,478.0
1601668800,1901.796,1902.142,1900.747,1901.114,218.0
1601669700,1901.114,1901.164,1900.08,1900.628,122.0
1601670600,1900.628,1900.831,1899.45,1900.332,142.0
1601671500,1900.332,1900.896,1898.206,1899.168,196.0
1601848800,1899.168,1904.354,1899.168,1901.854,497.0
1601849700,1901.854,1901.944,1898.238,1901.632,313.0
1601850600,1901.632,1901.83,1898.206,1898.438,292.0
1601851500,1898.438,1900.494,1898.438,1900.452,209.0
1601852400,1900.452,1901.591,1899.818,1901.502,177.0
1601853300,1901.502,1901.935,1900.984,1901.033,242.0
1601854200,1901.033,1904.352,1900.458,1901.802,455.0
1601855100,1901.802,1903.441,1900.78,1903.052,460.0
1601856000,1903.052,1903.154,1900.792,1901.116,613.0
1601856900,1901.116,1902.651,1900.546,1901.021,485.0
1601857800,1901.021,1902.382,1898.74,1900.594,670.0
1601858700,1900.594,1901.134,1899.974,1900.852,353.0
1601859600,1900.852,1901.114,1897.835,1898.294,564.0
1601860500,1898.294,1900.61,1898.294,1900.116,397.0
1601861400,1900.116,1900.286,1898.532,1899.641,383.0
1601862300,1899.641,1900.946,1898.897,1900.774,348.0
1601863200,1900.774,1901.288,1899.751,1900.067,333.0
1601864100,1900.067,1900.666,1897.828,1898.336,271.0
1601865000,1898.336,1899.318,1897.948,1899.093,283.0
1601865900,1899.093,1899.698,1898.714,1899.466,166.0
1601866800,1899.466,1899.506,1896.846,1897.288,258.0
1601867700,1897.288,1897.528,1895.975,1896.579,288.0
1601868600,1896.579,1896.579,1894.306,1894.636,366.0
1601869500,1894.636,1895.146,1891.932,1892.807,534.0
1601870400,1892.807,1894.034,1892.473,1893.953,284.0
1601871300,1893.953,1893.964,1892.542,1892.736,157.0
1601872200,1892.736,1893.349,1892.15,1893.143,239.0
1601873100,1893.143,1893.363,1891.557,1893.212,234.0
1601874000,1893.212,1893.642,1892.36,1893.117,260.0
1601874900,1893.117,1894.117,1892.646,1894.072,221.0
1601875800,1894.072,1894.309,1893.454,1893.526,184.0
1601876700,1893.526,1894.842,1892.784,1894.656,310.0
1601877600,1894.656,1894.656,1891.13,1891.636,744.0
1601878500,1891.636,1892.694,1891.32,1891.974,363.0
1601879400,1891.974,1893.942,1891.405,1893.679,646.0
1601880300,1893.679,1894.064,1892.92,1893.176,424.0
1601881200,1893.176,1893.43,1887.99,1887.99,1061.0
1601882100,1887.99,1889.198,1887.132,1888.568,832.0
1601883000,1888.568,1890.372,1888.22,1890.16,569.0
1601883900,1890.16,1893.419,1890.09,1892.476,610.0
1601884800,1892.476,1893.475,1892.064,1893.3,539.0
1601885700,1893.3,1894.126,1892.846,1893.693,510.0
1601886600,1893.693,1896.266,1893.04,1895.576,528.0
1601887500,1895.576,1898.554,1895.11,1897.974,518.0
1601888400,1897.974,1901.261,1897.438,1900.403,602.0
1601889300,1900.403,1900.808,1899.334,1899.798,338.0
1601890200,1899.798,1900.02,1899.074,1899.555,328.0
1601891100,1899.555,1901.638,1899.466,1900.856,220.0
1601892000,1900.856,1900.914,1899.688,1899.947,299.0
1601892900,1899.947,1899.947,1898.272,1898.452,222.0
1601893800,1898.452,1899.728,1897.892,1899.356,304.0
1601894700,1899.356,1900.603,1899.356,1900.312,291.0
1601895600,1900.312,1900.312,1899.074,1899.119,310.0
1601896500,1899.119,1900.582,1898.778,1900.401,218.0
1601897400,1900.401,1900.554,1899.588,1900.465,264.0
1601898300,1900.465,1903.114,1900.345,1902.023,652.0
1601899200,1902.023,1906.253,1901.969,1905.514,675.0
1601900100,1905.514,1906.985,1903.92,1905.85,813.0
1601901000,1905.85,1908.44,1905.579,1905.754,889.0
1601901900,1905.754,1907.114,1904.386,1906.724,644.0
1601902800,1906.724,1909.33,1906.374,1907.994,844.0
1601903700,1907.994,1908.84,1905.972,1906.512,717.0
1601904600,1906.512,1910.535,1905.664,1909.444,1549.0
1601905500,1909.444,1910.062,1908.054,1909.072,1029.0
1601906400,1909.072,1915.388,1908.097,1912.152,1696.0
1601907300,1912.152,1918.385,1911.486,1914.912,1673.0
1601908200,1914.912,1915.572,1910.166,1910.716,1812.0
1601909100,1910.716,1918.694,1910.675,1916.97,1627.0
1601910000,1916.97,1917.111,1913.082,1913.394,1444.0
1601910900,1913.394,1917.116,1912.758,1915.266,1334.0
1601911800,1915.266,1917.278,1914.248,1915.155,899.0
1601912700,1915.155,1915.199,1912.44,1914.106,820.0
1601913600,1914.106,1915.34,1912.791,1913.367,640.0
1601914500,1913.367,1914.976,1911.91,1914.748,546.0
1601915400,1914.748,1916.404,1914.684,1915.7,408.0
1601916300,1915.7,1917.251,1915.022,1916.334,466.0
1601917200,1916.334,1916.508,1914.888,1914.93,219.0
1601918100,1914.93,1915.482,1914.204,1914.782,376.0
1601919000,1914.782,1915.78,1913.942,1915.653,289.0
1601919900,1915.653,1916.402,1914.708,1915.544,443.0
1601920800,1915.544,1915.544,1913.473,1913.562,492.0
1601921700,1913.562,1914.314,1913.262,1914.082,312.0
1601922600,1914.082,1914.693,1913.966,1914.12,238.0
1601923500,1914.12,1914.365,1913.229,1913.984,252.0
1601924400,1913.984,1914.089,1912.542,1913.169,267.0
1601925300,1913.169,1913.794,1912.312,1912.586,248.0
1601926200,1912.586,1913.314,1911.268,1911.658,338.0
1601927100,1911.658,1912.786,1910.822,1910.925,331.0
1601928000,1910.925,1913.646,1910.925,1913.646,234.0
1601928900,1913.646,1913.735,1913.246,1913.392,65.0
1601929800,1913.392,1914.209,1913.22,1914.168,119.0
1601930700,1914.168,1914.682,1913.187,1913.445,109.0
1601935200,1913.445,1913.536,1911.232,1912.058,278.0
1601936100,1912.058,1912.334,1911.679,1912.061,142.0
1601937000,1912.061,1912.836,1912.061,1912.522,93.0
1601937900,1912.522,1912.81,1912.348,1912.669,56.0
1601938800,1912.669,1913.152,1911.57,1912.273,155.0
1601939700,1912.273,1912.984,1912.174,1912.808,112.0
1601940600,1912.808,1913.528,1912.226,1912.633,189.0
1601941500,1912.633,1913.354,1912.444,1912.952,208.0
1601942400,1912.952,1913.9,1911.665,1913.416,419.0
1601943300,1913.416,1914.188,1913.416,1913.722,242.0
1601944200,1913.722,1914.244,1912.466,1913.663,291.0
1601945100,1913.663,1914.252,1913.16,1914.252,221.0
1601946000,1914.252,1914.665,1912.868,1913.128,269.0
1601946900,1913.128,1913.303,1911.172,1911.216,411.0
1601947800,1911.216,1911.39,1909.776,1911.066,265.0
1601948700,1911.066,1911.465,1910.562,1911.028,218.0
1601949600,1911.028,1911.43,1910.0,1910.178,215.0
1601950500,1910.178,1910.715,1909.699,1910.666,172.0
1601951400,1910.666,1910.666,1908.39,1908.794,188.0
1601952300,1908.794,1910.03,1908.794,1910.03,146.0
1601953200,1910.03,1910.62,1909.516,1910.532,110.0
1601954100,1910.532,1911.035,1910.532,1910.538,76.0
1601955000,1910.538,1912.571,1910.35,1912.472,440.0
1601955900,1912.472,1912.555,1911.494,1912.064,218.0
1601956800,1912.064,1912.088,1911.062,1911.062,123.0
1601957700,1911.062,1911.642,1910.998,1911.642,117.0
1601958600,1911.642,1911.78,1909.862,1910.001,188.0
1601959500,1910.001,1912.496,1909.879,1912.333,159.0
1601960400,1912.333,1912.445,1910.814,1911.072,313.0
1601961300,1911.072,1912.102,1910.558,1910.78,208.0
1601962200,1910.78,1911.171,1910.361,1910.878,167.0
1601963100,1910.878,1911.218,1910.45,1911.131,114.0
1601964000,1911.131,1912.293,1909.288,1909.916,452.0
1601964900,1909.916,1911.748,1909.677,1910.098,335.0
1601965800,1910.098,1911.298,1910.012,1910.481,258.0
1601966700,1910.481,1911.666,1910.175,1911.379,273.0
1601967600,1911.379,1914.622,1910.155,1912.556,967.0
1601968500,1912.556,1912.578,1909.947,1910.316,637.0
1601969400,1910.316,1911.302,1908.416,1909.858,645.0
1601970300,1909.858,1910.34,1908.66,1909.536,385.0
1601971200,1909.536,1910.817,1909.42,1910.587,419.0
1601972100,1910.587,1910.632,1907.572,1907.926,511.0
1601973000,1907.926,1908.16,1906.918,1907.282,433.0
1601973900,1907.282,1909.722,1906.77,1909.722,360.0
1601974800,1909.722,1912.512,1909.193,1912.512,351.0
1601975700,1912.512,1913.782,1911.5,1912.638,483.0
1601976600,1912.638,1913.834,1912.534,1913.263,313.0
1601977500,1913.263,1913.794,1912.228,1912.481,240.0
1601978400,1912.481,1913.09,1911.515,1913.046,328.0
1601979300,1913.046,1913.514,1912.134,1912.662,270.0
1601980200,1912.662,1913.85,1912.27,1912.847,237.0
1601981100,1912.847,1913.56,1911.633,1913.318,426.0
1601982000,1913.318,1914.376,1912.686,1913.552,311.0
1601982900,1913.552,1916.308,1913.193,1916.308,455.0
1601983800,1916.308,1918.087,1915.848,1916.256,707.0
1601984700,1916.256,1917.757,1915.936,1917.644,530.0
1601985600,1917.644,1919.286,1914.156,1914.382,900.0
1601986500,1914.382,1918.328,1912.467,1917.785,957.0
1601987400,1917.785,1919.166,1913.648,1913.93,974.0
1601988300,1913.93,1917.194,1913.696,1915.891,795.0
1601989200,1915.891,1918.611,1915.891,1918.399,743.0
1601990100,1918.399,1919.231,1916.059,1918.81,1012.0
1601991000,1918.81,1921.277,1917.508,1918.413,1545.0
1601991900,1918.413,1918.96,1911.882,1915.212,2185.0
1601992800,1915.212,1918.318,1913.98,1914.733,1438.0
1601993700,1914.733,1915.836,1912.312,1913.989,1468.0
1601994600,1913.989,1915.719,1911.474,1911.874,1725.0
1601995500,1911.874,1917.484,1911.161,1911.346,2036.0
1601996400,1911.346,1913.462,1910.632,1912.935,1508.0
1601997300,1912.935,1913.116,1908.458,1910.676,1468.0
1601998200,1910.676,1911.414,1908.812,1908.994,989.0
1601999100,1908.994,1909.259,1901.81,1902.232,1268.0
1602000000,1902.232,1906.132,1900.988,1906.044,1393.0
1602000900,1906.044,1906.138,1905.28,1905.568,440.0
1602001800,1905.568,1906.064,1904.414,1904.488,544.0
1602002700,1904.488,1905.008,1903.576,1903.974,618.0
1602003600,1903.974,1904.408,1902.87,1903.8,539.0
1602004500,1903.8,1904.518,1902.887,1903.986,617.0
1602005400,1903.986,1904.071,1902.208,1902.508,368.0
1602006300,1902.508,1902.81,1898.53,1900.844,866.0
1602007200,1900.844,1903.164,1900.736,1902.87,483.0
1602008100,1902.87,1905.73,1902.434,1905.306,448.0
1602009000,1905.306,1906.596,1904.931,1905.65,437.0
1602009900,1905.65,1906.334,1892.286,1897.514,4743.0
1602010800,1897.514,1897.55,1890.31,1894.61,6203.0
1602011700,1894.61,1895.412,1891.207,1893.973,3268.0
1602012600,1893.973,1895.123,1892.042,1892.952,1916.0
1602013500,1892.952,1893.533,1887.088,1888.13,1707.0
1602014400,1888.13,1889.294,1883.738,1886.348,1151.0
1602015300,1886.348,1886.825,1885.774,1886.328,325.0
1602016200,1886.328,1886.568,1880.68,1882.376,641.0
1602017100,1882.376,1882.554,1874.808,1878.177,1319.0
1602021600,1878.177,1881.239,1876.481,1878.542,905.0
1602022500,1878.542,1879.897,1877.639,1878.628,454.0
1602023400,1878.628,1878.78,1875.397,1877.189,581.0
1602024300,1877.189,1877.826,1874.929,1876.262,434.0
1602025200,1876.262,1878.62,1875.404,1877.246,520.0
1602026100,1877.246,1878.368,1876.874,1878.19,299.0
1602027000,1878.19,1879.108,1877.223,1878.891,306.0
1602027900,1878.891,1880.728,1878.656,1880.252,447.0
1602028800,1880.252,1880.292,1877.808,1879.676,672.0
1602029700,1879.676,1880.96,1878.712,1880.948,575.0
1602030600,1880.948,1880.948,1876.786,1877.414,724.0
1602031500,1877.414,1878.824,1876.674,1878.446,512.0
1602032400,1878.446,1879.124,1877.14,1878.608,587.0
1602033300,1878.608,1878.996,1873.239,1873.988,517.0
1602034200,1873.988,1876.013,1872.898,1875.888,557.0
1602035100,1875.888,1880.976,1875.702,1879.648,715.0
1602036000,1879.648,1880.784,1878.706,1879.44,617.0
1602036900,1879.44,1880.928,1879.158,1880.434,523.0
1602037800,1880.434,1881.39,1879.571,1880.496,382.0
1602038700,1880.496,1882.19,1880.458,1881.263,502.0
1602039600,1881.263,1882.484,1880.934,1882.261,291.0
1602040500,1882.261,1882.548,1879.67,1881.9,338.0
1602041400,1881.9,1882.992,1881.813,1882.538,293.0
1602042300,1882.538,1884.222,1882.492,1883.02,234.0
1602043200,1883.02,1883.89,1882.852,1882.958,186.0
1602044100,1882.958,1883.92,1882.457,1883.065,218.0
1602045000,1883.065,1883.206,1882.128,1882.736,225.0
1602045900,1882.736,1883.24,1882.432,1882.834,165.0
1602046800,1882.834,1884.854,1882.052,1884.824,316.0
1602047700,1884.824,1884.919,1883.486,1884.505,225.0
1602048600,1884.505,1886.394,1884.064,1885.522,409.0
1602049500,1885.522,1887.41,1884.935,1885.866,562.0
1602050400,1885.866,1887.832,1884.996,1887.048,532.0
1602051300,1887.048,1889.792,1885.931,1889.562,750.0
1602052200,1889.562,1890.842,1889.098,1890.42,398.0
1602053100,1890.42,1894.516,1890.192,1894.488,447.0
1602054000,1894.488,1896.576,1893.699,1895.888,967.0
1602054900,1895.888,1898.066,1894.606,1894.692,681.0
1602055800,1894.692,1894.908,1889.977,1890.306,766.0
1602056700,1890.306,1893.038,1889.806,1893.038,540.0
1602057600,1893.038,1894.908,1892.548,1893.108,531.0
1602058500,1893.108,1893.711,1892.086,1892.263,395.0
1602059400,1892.263,1892.777,1889.485,1889.583,405.0
1602060300,1889.583,1891.803,1889.401,1889.93,391.0
1602061200,1889.93,1889.976,1888.31,1888.728,310.0
1602062100,1888.728,1889.322,1887.194,1887.62,388.0
1602063000,1887.62,1890.332,1886.672,1890.256,561.0
1602063900,1890.256,1890.372,1888.153,1888.365,459.0
1602064800,1888.365,1889.03,1886.596,1888.062,555.0
1602065700,1888.062,1888.8,1887.11,1888.588,298.0
1602066600,1888.588,1889.403,1887.234,1887.758,392.0
1602067500,1887.758,1887.8,1885.556,1885.836,432.0
1602068400,1885.836,1887.896,1882.708,1883.692,960.0
1602069300,1883.692,1885.749,1883.082,1885.295,656.0
1602070200,1885.295,1886.87,1884.935,1886.678,384.0
1602071100,1886.678,1888.969,1885.62,1888.595,478.0
1602072000,1888.595,1890.706,1886.9,1889.978,921.0
1602072900,1889.978,1890.504,1886.19,1886.804,1016.0
1602073800,1886.804,1891.842,1886.758,1891.802,1064.0
1602074700,1891.802,1891.928,1889.431,1889.888,1011.0
1602075600,1889.888,1890.544,1887.925,1888.736,987.0
1602076500,1888.736,1889.414,1883.452,1886.19,1300.0
1602077400,1886.19,1889.726,1883.526,1885.21,2464.0
1602078300,1885.21,1889.592,1883.262,1883.346,2096.0
1602079200,1883.346,1885.48,1879.897,1879.897,1987.0
1602080100,1879.897,1884.458,1879.302,1883.774,2130.0
1602081000,1883.774,1885.69,1882.453,1883.474,1634.0
1602081900,1883.474,1884.253,1881.582,1883.702,1371.0
1602082800,1883.702,1887.75,1883.464,1884.481,1340.0
1602083700,1884.481,1887.11,1883.88,1886.808,1061.0
1602084600,1886.808,1888.778,1886.021,1888.121,776.0
1602085500,1888.121,1888.572,1885.403,1885.762,718.0
1602086400,1885.762,1885.828,1882.868,1883.594,773.0
1602087300,1883.594,1885.244,1880.836,1882.937,1122.0
1602088200,1882.937,1885.278,1882.254,1884.686,717.0
1602089100,1884.686,1887.225,1884.674,1886.574,582.0
1602090000,1886.574,1887.638,1885.782,1887.514,549.0
1602090900,1887.514,1888.204,1885.85,1888.075,487.0
1602091800,1888.075,1888.784,1887.19,1887.866,392.0
1602092700,1887.866,1887.866,1885.081,1885.427,473.0
1602093600,1885.427,1887.172,1885.192,1886.276,662.0
1602094500,1886.276,1887.82,1885.639,1886.09,501.0
1602095400,1886.09,1887.121,1885.674,1886.826,333.0
1602096300,1886.826,1887.52,1885.654,1885.696,306.0
1602097200,1885.696,1887.088,1885.346,1886.36,416.0
1602098100,1886.36,1886.881,1885.452,1885.716,258.0
1602099000,1885.716,1886.411,1885.359,1885.402,262.0
1602099900,1885.402,1887.75,1885.402,1887.2,365.0
1602100800,1887.2,1887.832,1886.84,1886.904,145.0
1602101700,1886.904,1888.436,1886.904,1888.258,100.0
1602102600,1888.258,1888.812,1887.986,1888.604,88.0
1602103500,1888.604,1888.604,1886.331,1887.592,186.0
1602108000,1887.592,1888.474,1887.178,1887.616,135.0
1602108900,1887.616,1888.194,1887.412,1887.601,138.0
1602109800,1887.601,1887.792,1887.3,1887.564,57.0
1602110700,1887.564,1888.35,1887.52,1887.544,83.0
1602111600,1887.544,1887.629,1887.044,1887.14,94.0
1602112500,1887.14,1887.58,1886.922,1887.112,165.0
1602113400,1887.112,1887.762,1886.878,1887.61,105.0
1602114300,1887.61,1888.201,1887.02,1887.066,130.0
1602115200,1887.066,1887.066,1884.439,1886.093,432.0
1602116100,1886.093,1886.556,1885.74,1886.216,226.0
1602117000,1886.216,1886.28,1885.282,1885.972,261.0
1602117900,1885.972,1887.118,1885.687,1886.478,362.0
1602118800,1886.478,1887.322,1886.162,1886.482,244.0
1602119700,1886.482,1886.482,1884.552,1884.748,369.0
1602120600,1884.748,1886.847,1883.907,1886.462,472.0
1602121500,1886.462,1889.316,1886.288,1888.51,565.0
1602122400,1888.51,1888.638,1887.08,1887.202,321.0
1602123300,1887.202,1887.376,1886.576,1886.865,192.0
1602124200,1886.865,1887.658,1886.484,1886.812,192.0
1602125100,1886.812,1887.716,1885.759,1887.542,225.0
1602126000,1887.542,1887.688,1886.396,1886.437,173.0
1602126900,1886.437,1886.677,1884.56,1884.56,189.0
1602127800,1884.56,1885.026,1883.544,1885.017,320.0
1602128700,1885.017,1885.528,1884.185,1885.288,237.0
1602129600,1885.288,1885.424,1884.47,1884.896,162.0
1602130500,1884.896,1885.652,1884.63,1885.652,143.0
1602131400,1885.652,1885.692,1884.802,1885.169,150.0
1602132300,1885.169,1886.396,1885.169,1885.696,102.0
1602133200,1885.696,1887.558,1885.676,1887.466,134.0
1602134100,1887.466,1889.268,1887.466,1888.736,300.0
1602135000,1888.736,1890.368,1888.736,1889.252,302.0
1602135900,1889.252,1889.797,1888.744,1888.804,255.0
1602136800,1888.804,1889.985,1887.409,1887.456,447.0
1602137700,1887.456,1890.009,1886.854,1889.726,282.0
1602138600,1889.726,1893.353,1889.726,1893.26,704.0
1602139500,1893.26,1894.464,1892.272,1894.394,652.0
1602140400,1894.394,1895.46,1891.975,1891.975,823.0
1602141300,1891.975,1892.918,1890.944,1892.744,566.0
1602142200,1892.744,1893.19,1891.505,1891.548,344.0
1602143100,1891.548,1891.548,1890.174,1890.937,435.0
1602144000,1890.937,1892.204,1890.444,1892.146,434.0
1602144900,1892.146,1892.146,1890.308,1890.991,382.0
1602145800,1890.991,1892.82,1890.844,1892.64,321.0
1602146700,1892.64,1892.986,1891.756,1892.048,271.0
1602147600,1892.048,1892.874,1891.184,1892.772,250.0
1602148500,1892.772,1892.809,1890.906,1890.946,229.0
1602149400,1890.946,1891.852,1890.266,1891.707,315.0
1602150300,1891.707,1892.712,1891.264,1892.628,234.0
1602151200,1892.628,1892.766,1891.1,1892.008,315.0
1602152100,1892.008,1892.759,1891.742,1892.434,243.0
1602153000,1892.434,1894.43,1892.434,1893.97,390.0
1602153900,1893.97,1894.624,1893.208,1893.564,400.0
1602154800,1893.564,1893.874,1891.636,1891.636,418.0
1602155700,1891.636,1892.14,1890.994,1891.758,234.0
1602156600,1891.758,1892.2,1890.287,1891.654,460.0
1602157500,1891.654,1892.604,1890.874,1892.604,354.0
1602158400,1892.604,1894.17,1891.201,1893.426,502.0
1602159300,1893.426,1899.636,1892.97,1898.554,1269.0
1602160200,1898.554,1899.313,1895.882,1897.52,1139.0
1602161100,1897.52,1899.963,1897.158,1898.28,831.0
1602162000,1898.28,1899.186,1894.433,1896.85,1264.0
1602162900,1896.85,1898.446,1896.838,1897.403,632.0
1602163800,1897.403,1899.465,1896.289,1897.239,1616.0
1602164700,1897.239,1900.687,1894.46,1894.59,1516.0
1602165600,1894.59,1894.738,1885.714,1889.047,3251.0
1602166500,1889.047,1889.429,1885.074,1885.124,1971.0
1602167400,1885.124,1888.076,1883.376,1885.609,1835.0
1602168300,1885.609,1888.467,1884.302,1885.848,1320.0
1602169200,1885.848,1889.672,1885.668,1889.448,1138.0
1602170100,1889.448,1889.934,1888.072,1888.942,742.0
1602171000,1888.942,1890.212,1887.65,1889.94,708.0
1602171900,1889.94,1890.249,1888.632,1888.817,477.0
1602172800,1888.817,1890.28,1888.776,1889.632,355.0
1602173700,1889.632,1889.99,1889.238,1889.238,273.0
1602174600,1889.238,1889.732,1885.668,1885.718,388.0
1602175500,1885.718,1886.424,1885.01,1885.317,465.0
1602176400,1885.317,1885.59,1882.0,1883.884,834.0
1602177300,1883.884,1891.1,1882.542,1890.324,1001.0
1602178200,1890.324,1892.562,1889.806,1892.153,798.0
1602179100,1892.153,1892.522,1891.148,1892.042,396.0
1602180000,1892.042,1892.172,1890.966,1891.336,269.0
1602180900,1891.336,1891.381,1890.273,1890.936,210.0
1602181800,1890.936,1892.126,1890.546,1891.731,165.0
1602182700,1891.731,1893.053,1891.344,1892.687,288.0
1602183600,1892.687,1893.122,1891.904,1892.383,283.0
1602184500,1892.383,1893.208,1891.93,1892.524,183.0
1602185400,1892.524,1893.645,1892.288,1893.59,108.0
1602186300,1893.59,1894.486,1893.288,1894.355,229.0
1602187200,1894.355,1894.952,1893.598,1894.264,177.0
1602188100,1894.264,1894.625,1894.004,1894.004,54.0
1602189000,1894.004,1894.179,1893.156,1893.717,80.0
